Label sculpture
4017014699
4815295122
299114458
6669397377
3779303606
948633075
3630226176
5898734700
5134812499
1693648021
8372892473
278546373
627269522
2620833166
5251533966
7284051378
5715461357
11446356953
5834725609
336301787
3770779865
4815297254
4814750197
4814762565
11367666426
8717209265
11931826675
6247672919
2898308633
3676857188
6624627301
12181469424
6754825559
5394801336
2892570408
2982903155
7077928479
2177984271
4230586007
4217306090
7545558012
3297737361
476878108
84441115
3274154165
3161360166
7783924186
1043162867
3311249485
9545496881
1080650308
9690527760
2972872955
7698280
121465108
10892462583
5992433646
11429170003
11494188455
5737202051
11367760666
10686694456
11494181795
169893105
4650302883
4013616730
518891917
12358019743
447212881
3676723431
5773417047
2729466735
3778052138
9035190459
4815293126
2349257988
3292953130
9506880930
3945505712
3292081585
2976227
1464170518
3825983374
3160486773
8991961713
4772452030
2682990547
10892303784
10686632825
72858342
5715966740
2976228
4815285674
9327125986
10523789076
4889904338
5199670961
8933608989
4791704809
169892598
243219574
2526819633
2199742801
6624637155
6279910199
6880123541
9506849530
5542977674
3826010074
5052152312
4814629597
4476856946
5250931819
11400980065
308613113
222135524
308207507
2891727603
382180684
627289094
5987191848
3292095023
3292905084
1694496320
5135399058
4287906447
3809245299
8839350484
481407628
2835779103
3779294788
3530529589
819729391
441445128
4230547271
2313814382
135403471
4528643488
5270765101
3298324199
5737198833
1516349522
5134714892
5737749272
135403500
3442998223
5542983848
2981862012
5500628375
3821454899
5271368462
4286177739
4989346500
4133265684
3194517830
2682973699
4460285544
6908261478
7079071331
4287911247
347453072
5176518500
4547995996
7079069595
822306208
5737752190
70503355
6226118231
1807296328
5910089397
3162082976
4438566597
7284053334
1427823233
544706421
5454161895
4598243005
2457745846
4476856270
4016937777
2951859592
447166620
1185024608
9548145406
4528010081
5734111885
5872537194
3844070684
4707179953
5631281679
4814631825
2892908876
4823138672
7191682578
6280493848
6908261090
5111101594
2313907005
2907637389
6829116522
3400936956
2683812028
3952870058
10559720545
446170751
6045506808
4721555530
7225611702
5176521224
1956115826
7621481940
3900059440
2898280373
8492106849
5229638919
5866544574
6494704507
2356257745
4650777700
3030569000
5042020745
2781496564
7767231656
4815287512
296036813
6280499600
447248234
2616562156
9792661515
446163794
3230063783
135041471
7381807380
3274974810
2904232819
11217243163
307617851
4771813289
70503411
3531584126
135044805
4760826277
6150948924
6908254000
4107900033
4846891629
6336162044
4317495448
540039267
5175914251
1812346810
3732119603
501727220
5096314743
3299261820
1428410597
5898178647
1812346600
1672513173
4815387988
3687288073
5782612605
5688007309
5631861250
5631279319
10686868393
4500230381
6880121837
512080179
6247664891
8363944675
4349116310
1807319362
2355546106
3676824993
7545557102
7381707174
6459899005
2261563121
8821026606
2276555071
7621476628
2615740385
3804449389
11820120073
5801467771
9067738777
5551028654
3629372925
3886523042
2348426989
8330831681
6158683895
2410209145
4531681633
7079070719
9548126836
3833981290
741255719
10428014596
2696029395
2829538424
2980999601
3985550
5170044446
539919028
5301005480
3118586039
11865978146
6691852653
821429775
5250932835
7980828412
5782604289
5096313333
10045579766
5038769684
3825993336
1832536520
2349262408
8821027118
3457812108
2973732902
4827670738
2058915725
7381878620
2706401191
1428409401
11865560484
31802322
3899278109
5058433014
8653286717
4536884757
6955954692
948517193
10796239426
5169442285
99211296
5783161424
10686677944
3082007427
3435563002
8810438217
6754855347
7948998970
3380078874
2312989469
7545563786
5898175457
10195907123
7011360791
10719831656
5134809005
88494956
5737200773
3259863724
4441652298
4635286539
8718332840
5866549144
10892303164
2829538628
2951861710
5300419005
6179095564
3313254336
5134817803
5960555206
8561278416
3862885131
4424351668
10892462413
540047657
9027425329
2682978077
5301008932
8301483193
2293092517
7708306446
2682972097
10892160195
5270752231
169894832
2682975079
5456826924
480420746
2059702588
4536885673
7037630201
10045809175
1812346442
5962845226
10686650375
5456049799
477357740
8991977797
7846944456
4258418616
2892564608
2277353078
5336492721
4132501207
2758295412
5456203417
4438252755
6754847251
4276887523
1806455411
5659996309
6098967815
5898744892
2549593192
6280492506
3732923754
3580287701
5653019748
3259427928
5960517010
5653019042
3297734497
5872576110
3193688729
7381937950
6691853523
6943840258
4476079117
4230590429
4263988782
2616583918
5734661194
9000924112
6393469545
5163881339
9838858124
3230912884
8514764466
10920862756
608304277
8266274967
8020669765
5454769656
4166931160
416554563
6908256296
4711995426
3410044181
3885697421
347111759
5554064741
5835185078
5270773357
9844486793
5872539894
5965409469
417793033
2683793930
5096314487
5270763611
3294078901
8047217741
169894963
8395130859
4264129420
3443809302
3821454361
59041482
5834678415
169893971
3298560930
336298478
416554452
8558970800
2630671840
336290206
5251535776
2477060887
3944714517
11401096703
7333982016
6931850042
10892194976
9029686416
11517589704
1806451331
3739978971
447253591
5175918109
4711345533
2696886400
8492178225
9844286406
4678405185
7225660840
3769942572
5715422061
8993152272
461601946
3306554623
544579844
9838891576
9506852738
8810440817
347112073
5083485500
10719836514
3410860242
6279465865
5502378543
5670294902
3259068153
6280420766
6491470619
8265039974
4264031314
440820923
3292945476
3230062835
6159329428
5455990367
7754475108
4721556302
2976179201
4675290746
4268828288
4855359798
3900060798
5568743023
10892463543
3194520304
5455583132
5110028554
9504102725
8717210833
331229065
4815260460
4772452248
6754863197
8654409280
949554410
1764528664
3259869418
4805378035
4805378035_1
2831788216
10482935065
5110434517
6494668899
3127265065
8020708961
4598239599
3809253607
5270770709
9617663181
7754466100
903781822
8045924078
4720890011
112242501
5550473443
2783318887
9793508173
4230574853
2598287827
3380308894
480431997
3299114366
5456805866
3379263383
415961769
4263282755
3434861765
3093560172
946578990
4683477697
3413711928
8991972315
6279458089
8838678591
2706918472
3388817135
2490343911
185128007
6393472425
8993176772
3843319247
5110539285
5777309412
8452020262
4168830104
5236089799
544700743
6183169258
9265852120
5737747778
3299113152
11820603876
3379491345
4349064496
4439343790
3230913292
2432862469
126338879
5301002552
2682981755
501810169
2771195589
821429619
447248378
6099515968
5601664567
11285399
8331889628
2829538232
4263278691
11702889924
2355273611
9506917918
3082007635
5835305952
8302542098
3299100562
11516298045
2976218
6292210355
6691920767
4760356683
5301009992
1712662249
2829747841
8373986714
6910930333
3885467754
3197210759
8492150179
4598250239
4598848520
5670274044
3239785078
3760201030
1763635451
4258419896
5271363586
2970861385
5135420928
3886520566
9844326286
4439339206
5377710877
5670289852
11401073634
7621486156
5592805263
3161412996
330074636
2587362435
5456601624
5290290829
5169442859
3299260714
8301489829
733327580
7621483744
8044746707
6943832696
416555267
10490170984
3298320531
5871980827
2599504754
6891541216
8384432586
2852785492
5134127925
4989344008
3259031037
5637213132
5569340632
741255651
2357092050
5096912250
3173253844
2696165073
2976167
4685004355
3298433135
10452143954
1428452253
680202635
3379488139
4268086067
6045528844
36535126
11217134334
2972884059
5178267201
6158828361
4554246069
5052137906
5338890507
9324366369
10795179754
3345798108
4772453986
7366679462
3145630170
8396209438
3200086243
5131462222
2972886257
1670874363
88495086
2411547713
5110169706
6868482726
4287908119
3886492202
5965483139
5866559996
948727397
3160497097
5962728323
3274153053
8524417128
2392833234
4685006987
8395126701
199555638
6182610457
5118492449
11401032154
7284046260
7756472742
3884665115
3093564182
8027063033
8514757824
9847017654
6248176432
1428403727
2202481442
99211319
4764566295
10195882726
9175471222
4103995500
3412911223
5300406547
9504098657
421994311
3471785688
278547939
10720074313
2772036760
3759257079
4918999221
7093077551
7545558754
11865430103
7076962947
9037424112
7381916912
1429327146
9254696263
8877221455
8989926863
453089874
2830940393
4439344466
2973812827
11429035764
501723368
7754470042
8712618991
8331858680
6891537864
7333983470
3677556170
10045482563
3822497356
3717672447
8688489893
169893920
2730437774
2976181
88494548
5951285958
5111072284
5580052759
4650289561
4016939245
4635894400
8104369896
2297447765
8974607384
3770801661
5669720195
2478873975
5336603721
4439026700
5502374037
3862857911
2535213665
1428611460
4532322806
4683480527
1889799985
501768683
369446910
4882108722
2892449849
4062572643
8384433912
4635291903
11545827426
6868463116
7545562786
2530717492
509940000
5062929955
4500261541
5456522918
3770431016
7796618058
3457811362
8993146626
501731164
565901964
3775613116
4910005618
3677642648
4598255209
3843307163
70503386
10195795404
4636373298
4528643586
4847507978
8560169897
347112984
8482135312
3531586644
2982903349
2828701349
5062928979
680419277
4268083377
9504069775
4166177287
3844103166
453089046
11932030623
6915332765
4286931914
5061777521
4635895062
5866561812
3884662103
5251535876
5819445027
3779302036
3200054599
3770815688
4025942939
4928044682
3900060924
3415734081
3416544132
50494601
4268827186
8395136279
5110019082
2518138434
3470984953
4479259180
11367710756
2779203671
7545559392
3292872806
7846972040
477044465
9099219295
2456918469
3415726561
447185314
1806453489
8513647285
2357094424
4928054552
5110026998
5612270238
5250931111
1427736291
3274974384
7468174436
84532459
7969115056
5398427797
2983760098
336293060
9027337533
4537525172
1763641129
3400937564
5251535082
3770802824
3821450103
8481036067
3274974928
5041872853
3833374243
5872570838
11865424963
4230610163
4547380971
9545539175
4025944623
3885725243
70503283
4268083769
3299261206
2181224473
3313056116
1861199892
2197756325
2166535100
4531527508
4532153496
7621475744
7621474796
5129781006
7292997246
8104353803
5096878634
8993188812
7572898836
8265042836
2213092852
9545335019
1594465288
4684325374
9339938192
1427900367
480418206
608547460
7669731928
3770770479
461600955
2898561843
501761869
8104354217
5910658174
4168835572
3239776630
2530722110
3434567667
5866529014
3471789724
7193127406
3944780599
5866528554
8482134144
6915332487
6119267298
4276893583
3160445133
7225670612
11367797404
3752501739
3168952218
4286923028
949499384
5966004686
2366447323
3844097096
5176522476
8207583449
5041772573
2177988767
4636268953
3298521154
4633641116
8514759660
3298273427
8718320116
4889815742
336294636
3379489423
11285634
2461840310
2357095710
3213272217
1764496714
4672308602
5059343337
2529904153
11865978416
2178005961
3145628812
3760286806
3239779492
608311053
1973118421
3298563892
2892572570
7996660780
2987909153
10195735684
8717209603
7568465888
3416529914
6491462977
7545559752
3486788246
5593399034
1806459121
6848901676
1428417521
5051526321
10195601364
2337424645
2313794286
3328278403
2998910511
4760666686
2922784790
3469474601
2779698826
4368005437
330096935
3486806664
309043880
4928098875
2529908955
3299257052
9324326243
3299261746
5251535492
5096279109
4040194510
544583874
3298558312
10445375913
2058916245
8045915251
2114677653
4815390600
330062705
7748955696
5542980470
9069973156
4855356012
112243180
2998910157
299115791
2729398997
5502977988
8514767216
12288746955
3126115510
11733102976
2682134054
278548028
5337331686
84444684
278548346
2892273509
2892256701
2477871254
8492166039
6274423779
3173195672
5361686565
10490159076
2337424251
2903470430
9293207026
3443004797
3298430031
6183112194
3844105198
4537520576
3774810315
5339504474
2765059913
5038158893
3436239581
8373978560
3416580046
8301494205
3739368855
3759303603
298038233
7669778380
1001205877
336302378
5636685913
3470294356
2951944040
2696206811
8027062614
3821654481
4720899343
6916937341
3863621498
4015978965
8431308366
3804461369
3298434489
477044873
9690520038
3809239067
2220311248
3194523092
2366421011
4912686098
4479258876
3762707315
5456307371
1426433995
10523798314
3834419104
2598267621
9423409782
6279965095
3309899746
9042848062
512080165
2463752189
681321254
5866518700
448441805
5551031994
10195966583
424211156
5138269497
12288788105
3885456070
608540186
4276888303
4792311308
3770849041
3760187530
5866554618
2392830330
4012849323
2492989766
3492552853
10892302134
5737751012
4478633745
3893583794
3892794411
243222439
4276880289
5715451325
2872340457
50742869
2530731872
2432861753
10753820836
99211656
9283200289
3388813619
8717210207
5083475972
5394734130
2976176
9364925377
9364856115
308612787
3292900142
681301346
135045267
10686860083
8514769872
11941303485
9040628097
3292294323
10195808914
416345714
2682992257
5059954072
11367738404
480419052
3567762071
5258787944
5336667665
8104370576
3944721537
4598842622
3160589431
5960540752
8754314739
2356405382
3516536035
2441448480
4288652080
3160663901
566300201
2312991971
9337149377
3687288705
7796629998
7708308116
8933604453
4166928084
2907416708
2298245122
299115796
6494696673
416345717
5258780260
3638999268
8992698766
2178794132
2983759370
8396212236
11865424513
4166934588
8140825048
5631278977
2696652964
3193689373
7698231
347112227
2198535282
11401076336
4680811086
11865978476
10892195306
2114669011
2313010863
2758296162
3298434111
9337831103
8045924676
3837849261
3759169099
2634312712
2510454848
3307350379
2412442476
330084330
4678489799
5652466389
7167485351
9792811116
11367788084
5502387039
135051639
6492329481
4308743207
1685440660
7748963746
471119878
5399044198
4264139886
9037392252
6828798241
8514771198
4472535510
2779738426
4889829186
10719825096
4268085119
5057268406
5456110051
10719822535
902931209
9545326009
2830583346
4219888157
5169435857
9327110356
3821655525
9067739127
5144471796
3030568636
4746428890
3668229904
681317936
7284062702
5394235281
3844091610
4348309547
3668230420
2730426066
5229638235
6920275879
8993169230
421994409
2892271777
811688950
7011360169
72859222
2973783529
7983746133
4854744441
5951687854
6829082544
5118492633
3778500481
2262338654
5966004670
10045632093
8045916257
5454767960
5631863348
3809264233
2906571999
3259898966
5966004664
4912712983
3410866204
4873565340
6739502517
4635292975
3308439478
3530758573
8481041915
6915332351
3470961005
72862115
10523803074
10795262023
2630673146
8755387494
2217335676
4440874449
5394720638
3471778308
4928692780
9161873374
3843321335
4286916166
5631279621
4989357362
2492169221
3306557491
5175915255
3306554937
3676729687
5271356488
3944418229
820551032
3899279153
6031024805
2800022495
3298433747
4043632820
2829539204
8354857679
4220640906
3259067025
308604130
1427731797
9040630137
7545558604
121717603
5758858754
8372890201
2779198886
6930783238
4451586904
4649244270
3770828505
3530756445
3389624448
5270767869
6886316262
6624614089
3398318160
5229795872
3568159209
2616792186
4438256039
2800870138
5153729673
10531062644
4349131322
8020671050
7754472466
6178581247
6865246244
5834620059
3760654960
2629851239
2440618667
8933609343
4258417618
3531574692
3985091689
9617662393
4598244365
9792663515
3194525358
3629408961
347112906
3239781990
2907068295
10720025863
8643344470
347451895
10452124654
5082875009
5617737535
135038695
2951008473
4822521655
447185224
9045137136
470019825
5134807563
3473255564
9545558487
3194524660
1673365514
5350133147
4818781521
820540882
7996647919
5134077951
278548445
2974629162
2980998033
5301004802
276319569
501760895
4854744915
7423550510
5214586746
4635892272
5872537752
6183176212
5131462330
9844371685
5175916261
10892161045
2849498673
84532518
10686863483
2983760000
2831732456
11732748375
6868533838
5091309912
7315677238
6031580638
5937710790
1764485396
5062927967
7669686422
2690113223
7381886208
5554065147
10195754275
10892194156
169893849
2892264371
10720090073
11733493356
5653025752
6880120867
5834749503
3862851419
2261567355
8991095498
5327195847
1764492226
5337297744
2893109012
11548229355
169893485
1079772069
2392036795
4685636170
8045917405
3779296572
6179107852
5394167331
7640028660
2690010339
4257656589
626390527
5951719600
3568962714
2899148700
2735188949
5229818206
948426121
5336657907
5497373953
2893105540
3309898393
6691758161
7867470286
5213542757
4771811647
135051329
3435593588
3945509304
8374013216
5213996871
3485942395
5782584543
539953748
3471787882
8524266698
5187089053
5082888891
8821027922
5866527166
2482764143
8821025202
3185623536
299118588
4746393844
5138864974
4554231549
1463310259
6828748431
2982903253
5456739856
681206440
6754820905
3397107719
11519325455
70503297
8302530592
4738035332
7054351639
903781792
2530723970
5111037314
3740146414
3688100320
4746343456
7381815678
4005389610
2892360546
6279953711
50742683
382180783
5052148870
3299088304
5872558094
2198543144
3599903709
3862843013
2689904793
6700323211
5634661359
1812347970
6254880864
5109416237
5083471958
9037390000
8839283512
6754793561
4904458042
5250933407
3309818987
9857556716
3469477957
3410857260
4734115476
5286223212
7473797700
2830588252
7621490904
5061778023
3530775049
3567766835
1345399308
509940010
5951657494
2441448298
11516327404
3309860357
3657298870
347449936
5898183199
8523163827
2530700122
7352696164
5820007838
169894508
2392821786
2922795314
5111026452
2903432858
5898164801
6491465199
3760872678
8754282065
3826021908
3774492333
12497114985
4012849801
5135423086
4276885251
4286182811
6908256748
6739504555
267986381
4927446001
8284227035
4685001363
8372898521
2695874003
1427394838
2922767334
2188644187
193794600
2758295922
2999750116
5327198969
24333403
5091310402
470006382
8047226598
3795731986
8301492165
10195847363
3400132921
5898171817
3770747503
7698254
2529883965
4678737084
9558072356
5910651282
4678405209
447220443
4309531528
8718333100
3298432953
7423393338
2337424793
103574946
8264801729
40222620
5213559317
534444862
2893107550
9554791105
296734019
2607614226
5872538040
466220980
10892160725
11367749426
6044953317
135052383
3844099134
5285626787
2987908535
5551054280
8991950803
9364940315
5910084259
135040382
3313259918
487643341
7032411801
3826017230
8395122203
4012849897
5446933791
2907432046
6182593345
5096883348
7545558164
3299113906
465191337
2951069467
3908989117
7344192480
3829738249
135116270
5834728587
6393471307
7297934902
290352615
6279975794
3777250659
8383348833
1469173249
4386207200
9257467100
2779697228
6300251471
4230598873
3629414913
6754838873
8044749771
4501788190
5987192110
7473328636
4166167575
70503374
5038775500
7669734690
4824801346
72861323
9003265551
4680179205
5041829373
7996662856
308612827
7294693332
8396201460
902931161
3844086536
5336709067
12288757945
135039065
2976230
7640005896
7195587892
1763638935
72974619
1079785271
3759753035
3485999357
3038902071
932902011
902931195
2831723610
6178567211
2892429779
8301494923
11400999874
169894272
7284026448
10445086536
4622498265
5269515926
4216523515
8045926392
6739493259
3531591574
5498278912
4062570069
3352301331
4574103282
6848891996
3771541084
4841285059
2999750460
8207583119
7782676008
3821653979
9254682733
5175933457
2907428134
4635890000
8248251720
3770824426
3760144251
2778877037
4216526269
501778315
3771560958
282279870
40220521
9847029186
3630184852
3770185618
3568621734
2349263684
99225218
4062568869
7293028228
2629816509
2548799221
2686712866
477045951
7423391816
9844312815
6491472913
5096913262
11733052316
6491467667
5290298147
2764399631
7996680768
4005081942
2829748803
2973797889
487649798
8838747427
223803781
5350122301
3274153293
4230506943
3144805879
12473411905
8044750559
2313906127
2369443929
195152065
2898340443
9285980834
4919012305
7381787616
5834682115
4500267985
8301475659
169892499
7473432344
8649136026
11401054334
9265764178
902931145
945313861
347358821
3313272320
8773360440
3770758676
2706918334
8301476551
9027365431
8524432176
6975240107
5951717016
4733448733
6915331919
7669667584
7568480222
2232146012
8724766937
3945498430
2577256765
6865245266
278548241
347111502
4846889025
176086917
2977032484
477042293
3239783180
2698917906
8934222904
4220613318
6492327911
5604423185
4040194500
8298434572
6829098254
3687294985
6915332205
5251533840
1674819681
3633366466
5475279928
6492353629
7756472496
2599112732
5820000028
2829751953
9847007276
193802181
3833620441
2058917961
949531782
2412427350
11494558263
2262342176
8556154591
8934218442
8839277774
2184117824
2350076995
8810437275
10470163856
10536426625
9029663810
1763642759
8384439112
476877830
4854740737
4854723355
4472532454
8513657035
4440874523
6851594024
3413929056
59041491
7201332494
8027014495
3770706544
6912341571
6669391935
5910077683
3379261271
5715410211
7639980088
5819441759
5229639229
3952873534
4230563925
176087446
6912341307
5715442729
2800865380
11865972836
4012849041
5865999403
4889822800
5096875304
6582496711
6908787687
9792770765
9548413276
509940004
5052122246
296040325
2450216244
8514763212
4720894817
2891518357
3531736142
8044744331
7846949504
3389627808
6829085108
11497521
5835177370
2620013013
5350123101
5865998709
5327195087
7381897318
3770735523
9324357215
3388816457
447254085
5338890939
9364892913
8207584161
3470957417
6158583485
9069965246
8557265366
6691761803
3771662660
8051598649
4761460388
8557266074
933771314
6868509120
11494541456
7756472312
3173783162
5119096086
8558970954
8482553941
2524337964
6178565409
8523324553
8688480101
10428180233
3043871600
7931056058
3310629850
2216544555
6393467823
470032783
5716020802
7979813277
9186157305
7511109552
2433677046
6911155485
7255517110
5502383739
5337200320
5715948986
4286189159
3298285443
2599102242
6828719093
5653021618
9557333658
31802307
3198050740
4423592469
5119096654
8365014268
1593625299
2599517698
99211505
6178597091
223803687
3844074154
148880487
5602248226
5450278548
7621481014
8363946603
3299113566
10045606263
7468149150
8155183601
6099601258
2905077484
8302539206
8297364063
5319095358
243223285
7568498476
8768496841
9283161445
6077356765
8365026356
6274935598
6930908102
99211619
3821656975
8561275970
6779632264
7000905666
8104370020
3629171779
5653035956
9617663457
4438566193
5959992363
3307390686
5160401002
6393471475
3809258995
3274973614
5631278579
5096285041
2355224669
3259032369
7240599800
5398391453
3779289528
7669688356
7640020774
2892422259
2703105035
12497053754
6739485967
5820001854
7721575202
4598246565
6494683873
5635243888
11494476694
2682980481
8686233240
3580295641
8754295435
5163879207
8524422014
8690059626
453107005
11703256956
1799274620
10719944656
12281415823
2891736861
4481578877
3309896949
2789250531
2356261145
8839312532
2973795209
4685634504
5051506583
820625612
11933453424
2907636079
8717209869
3834415962
477367927
7931025204
8020643802
4263380285
4898405013
5652465827
7333982582
3398327000
2784174718
477372419
7014610535
487334435
4386201980
5394159515
7698246
5927509527
9027464697
2178021481
6700333445
5134623144
10720112543
2461004853
7996679491
10428221063
2829538310
4476856880
2976178615
7846965770
12281863776
5229208717
10482519424
9364933303
5134725079
4678405231
3825197145
2313793778
4268828872
5236075993
7931074024
1954858057
9567286211
8263945135
945298663
5350737652
2828701983
99211416
5987191936
5096879628
5178456328
103573052
4548003684
3415804167
2899501674
4004951697
7037629487
8314752968
3145638910
11820609696
5135330366
4928041884
3412912743
4264023358
3629979914
4826103283
5199658391
10659840134
3255625935
1685436554
3822259678
4678489825
3198054864
3773755365
4881421629
3259034411
4277653600
1618211638
3259863278
6908257720
9042841404
6896175006
6886323848
5636684249
4263276405
5737199547
5135418582
2115446472
3780146172
2921930457
3307391506
8933608283
3173336908
3118869290
2412391894
5038155453
2454740571
4764571853
5872007993
5229639139
421994419
5959963547
50729239
6280417560
318612384
2970868951
2548783943
222166701
4700846120
6280505010
8027042270
5138869458
399609906
2542064665
8561288412
10452220454
3833338131
8020705174
2477873668
4733384559
3560383506
70503564
6479983763
1685439082
3825161603
5965409463
820984990
5229799922
286430209
4760053519
9792785886
2893096760
3172496917
3413127243
2262345826
11865565484
8689639898
6975223343
2872336521
3732906892
5052147982
8263922931
5758306215
476510760
2872334059
4133266622
4814634085
2757457623
7572888788
6491457719
355400046
3829738107
5096313677
8301490949
2215439862
2781049523
10686683314
5207630438
536008018
3114732891
6624567857
5059955700
7621490054
8633728015
7294738066
5498285846
330056915
169893197
6183133216
5134720980
5631863144
3838683828
3530767989
10452850345
7754470490
5951174457
10045665523
84532558
5550440633
487262792
5497684833
4919012315
3298274891
7943346658
9282555290
3732072735
9620898086
5251536390
4733382879
5866561430
135116101
6739487927
2893103858
6828739337
4746434804
4348313413
946157314
3825211711
12394625055
5998975793
5350124993
3970789234
3259219916
741255779
2114666021
4316754111
6774160794
3630233340
2338258706
481406552
5100271980
8016523691
487692023
3843296395
8045925340
5497694405
3312442081
6247665303
1618199054
8020756310
3493365324
4683689501
5976290086
4286936488
8993156578
5051519217
193794990
5251533776
3469479001
8395123619
2620836962
2892442683
4650156771
4268083017
5118494471
946152386
12281712244
2849497989
8768516369
3433119864
5038776168
2293879588
5992432830
5871984511
5258179399
6491461471
2612186959
5783163894
10754351066
5338890679
5951661240
8365028594
9690523632
4822523027
3822262796
72855295
4684078910
5207029843
4424352348
7284029260
2634315496
2779740694
4230615377
5563453005
3740150104
3389624832
3762687997
6178575875
59041371
3844066618
11732322485
2987911441
2548817981
4889820746
4472422530
2115443566
5819438633
10045868856
6105742094
3581097520
4472419172
40222616
12044979074
5637174752
5678449421
4439344778
2922816914
7996665913
6491463383
6178572983
3834163666
4424355700
12496565503
8665837604
6829079146
3725184123
2298257124
3145664852
453106631
9262984273
6997717861
4711345611
4062568003
4478634625
6910993947
4792317644
7259471032
1894854074
3197209447
5618082961
9037431690
8560179673
9844427733
7621487114
11733036173
282276797
416544904
4846888849
6375744231
296032600
3249151290
6045526832
2366439529
6916923093
3293930572
3309873475
3274973852
6031580490
5096883078
9846995484
3899278965
5193321637
5119094852
167196217
2630632918
2800875336
3825228367
5109561257
2893099220
3944725421
7999088401
5061770993
8991955645
3732915768
4635892626
5999647578
3415764411
2924458921
2977031608
5282366360
6932994858
4258414762
10754361846
5258781954
8560166315
2730500198
4458401155
1675790948
819681179
2620834840
4684098372
2892254997
9548119788
3687299229
5096878246
7931065948
750690861
222190662
8773325088
8839336296
4441652196
6178578153
4680810380
481403396
5711873736
10686882603
4219774445
10892195586
5392682851
1593637477
477374463
4988756491
112244851
4854728955
2381941393
4308678217
6393480825
4026696776
296027404
5652456005
8104370768
3388816935
7344780914
4881498543
24333421
72864032
5551030150
7754468296
2974658470
5834698207
4650852656
4707179983
1250315709
12281316245
5176517974
4547363613
5820006372
3771573376
3435556260
2685906651
9282556000
416345720
6528444885
8483649192
4062567643
4062569249
8665837568
9285920370
2356262181
72860398
4252617618
7669780204
6828820619
1832533352
3240111388
5059957124
6491461031
4888932586
7867357776
3568604796
8248263078
3410052743
5110017396
5554650108
9846927264
6279892153
9690535726
3407591603
3433124884
4007551439
5096278783
3677644214
8044746271
8653279555
680290015
31757769
2453298559
12281698394
8482126630
11400972336
539942956
3239781062
8664737149
4823133798
5229639759
5820005710
10045633316
481412759
2971710476
2492987710
7545563186
3770743117
4107880947
1429286906
2064729793
6754851079
7545557650
2548794557
2976232
7572879188
4646928511
7545556044
40221775
8331860376
176088331
5258168883
6932998764
1717395294
9004171684
3486795312
4598238923
3297722685
2981858036
31799359
2523918981
2830587782
11367698445
193797926
8020591964
4471379667
5497682231
4257659425
4166936124
2178009779
5336576895
2877998643
40222619
103560488
5554649384
5637179330
2155426433
7014628395
12497065235
4746416920
2526822293
4650294043
2951064223
3293118354
1079804377
8228426468
8493296918
6159319674
4277639374
12281761964
8557266302
4286176767
4016740594
6492373237
5229638367
3780148818
8493294360
3739344801
2366432827
4423593135
7181452217
1427389680
5604422261
8247189513
8396196432
3193683061
3944724351
5170044846
10195898496
3825204493
4711348349
2527635810
4288645610
4440878827
3638189331
3434464711
2476294126
8396186516
6739494919
501748971
2369443775
4288645128
11820607006
3200093159
3629404073
3433126764
3435457260
4761830880
40220519
32118479
3161449482
4650900590
3352292923
4184448882
5138260287
336296758
5096911950
9324370737
5041767379
2729552805
3770817415
4309410298
1763664011
4548003318
11285322
5118493907
4438253273
10796446424
2973786433
4264127650
5246235280
10536163974
3102901056
9327129776
4039454813
6150926594
5353149648
3207215247
7640013522
680394297
5538918645
3471793832
2904231145
477366829
8582151670
7621485256
8020737489
6494691793
5518780743
303002826
3663137760
5898163583
3397529403
8104370914
3486001485
1763632205
11494476485
4720891855
416555018
2972884821
8877804938
3030568772
3170787943
6908252562
8331856290
5134695840
5170045744
7014650069
7284055674
53086536
1698065985
3862837233
5498286750
7748960548
9847050854
471121472
1807313938
2758297648
2974663894
4767827587
4092170995
6754842711
949386486
8396193130
4684071566
4317467692
6014452870
6254348733
2615746347
10796324356
3029355971
3207111289
2906589201
2973792977
12394755404
3688093680
7996693101
4640150206
4635289199
3292055233
4598254147
9690526818
4441652870
3435588820
4500879888
5350121769
4733463223
8395113713
176087097
8821024424
9367698604
2115456508
3600715214
4263380843
301664031
52052082
7770574244
9004444004
339911248
7297957460
4478634303
2779701876
5128352008
9545488523
5715385311
9029610152
4258414830
2532642343
6910923603
4500270931
5790803571
2219518847
6997718055
856091671
7640036968
5128357596
7621492756
7032409059
2351838951
5551059284
8877813508
4438574653
7979796403
487658962
2974633342
7259466586
4458396589
6624633633
5634045433
9844395755
487688433
608313727
8556155563
8208673982
4277652254
4650317765
8693768333
3769974753
2310975000
2921958007
2906577391
453107663
6624639513
3659262246
3763499450
7948991128
8513651959
9633828985
2338258482
2829747487
8373983796
282288074
88493811
1695594256
3213610937
6280549492
9364960351
3658465587
3200056257
729287176
1807291566
11494572763
9847052326
339503934
5777307730
2059702220
8560157573
5336468641
4684074762
8513649591
4296697498
8045921887
5038156875
7669795154
2366452247
5670296752
1763673039
5783147384
3193674717
4012850063
8297104113
50742725
8482556055
2772039580
3944414851
8754334063
8020631558
6602678237
3307391252
4536892651
5497692837
3691795385
4889196603
2313824004
12184632665
2921941125
2696594148
2456918629
5635242532
4063318122
7225648752
1288780397
11960519616
2778870073
4707775918
4574103466
4738421388
2800875890
2177851937
2824813143
7572897612
4574103592
949428072
5635243374
5290322539
6624557893
2363349001
2898338603
5245196553
40220520
10045665564
7042303071
3786572822
5038775178
8933604303
5653025092
8556155157
2892440427
6624553847
2349265024
3388815995
5337290332
4684078516
5498276900
8684212773
7931076060
6077451511
4426919197
2598289307
1812346226
5398442151
6100462083
4257657019
3830534876
4268081161
5229638835
4707179963
8877224307
4439026950
4989360074
5128353898
5872572524
185127297
487290291
3779309242
7286671490
59041289
4288613239
3259033655
59041174
11933848736
5593397926
9847103976
4440874655
4439340094
9844420835
369446541
5454976139
3413132721
2478925841
3672150750
5199667171
5625778544
9254687593
633466358
2277354398
6971262567
8557871431
7037637371
3985077169
5009412652
4477035103
2183319977
5554649508
2463793937
9846989364
10719842495
3677557996
9792763474
2461005599
5311984887
4678737118
12288777555
6971253085
4882031282
135115317
348591239
8838743915
8330800385
3307389598
462896945
9015160185
3825966954
8493392970
480430109
3298325581
4316743975
3472449933
3770432440
4765206950
11285515
2988768224
40220522
7344309498
3407588881
6911038383
9015164343
2830862791
7294742792
121717602
441446537
2948847131
3530782343
2630639272
4791843529
3298320869
4711345351
8302544538
2686709276
339509632
193789218
5110476567
5715994160
3118040593
11865430733
10045759763
3145640418
6896145452
819723003
8363954277
2706917898
4438567645
99211924
6460218519
2800871058
8505375057
3945202422
4217289592
476511044
4573469955
5998981575
4017698526
10660045233
2686723074
4263274581
12496940295
2392826064
8684202263
3732875654
7669799210
2483590658
4922244491
5715411349
2948863377
4016771837
6183109810
7770589416
5290319715
7621482824
8047210671
5361689701
3230912700
278547181
4471758695
3821453739
1594509232
6491459625
3457809046
1251192664
6247666257
193791736
5143859477
121717601
9333818080
8047225142
4900990689
4555645157
6624618545
4822517891
3779333933
31735699
3092724249
4793714649
8582151364
7754474506
3307388490
7669793312
7770571480
7978948686
4288646080
8514766368
11732393785
7193109366
4791684371
6393467375
8492102621
6393469985
7931058042
4791749541
2610057761
7931061930
2951917734
52051662
2219520501
5214152568
2486048401
38396135
4108663816
5262805006
9420637451
2598283515
5129784432
135115983
347112658
8104369604
7468196656
8384432220
5636692267
6151655626
10686864713
6393468353
6078127064
4263280839
4013616626
8363954689
3179502436
5992430950
7867553528
3739394657
3739398765
2907433870
3172500399
8838701083
2744360888
4262437830
9535975141
4733390611
8754304907
2115444862
8810436449
2744360882
3740182754
8297422693
11941809575
3388814039
10045488655
5636314461
3230913812
3435674982
5605009338
8020643417
9027372941
4515411642
3145653644
4598859698
318612843
2549546418
5118492559
5554065599
4823143418
5927508381
3770063713
476518583
5928065296
3486762700
4846890949
8365030406
3763489428
2261571481
8363963955
4063319920
3200932110
3944417741
7312396094
2781496672
3178664767
4458397751
5057313604
2906583495
3255618721
5110542687
348579535
5670297892
8395143153
3230913318
2772040972
2620011333
487666298
4702122163
8653300067
9617662661
8492309101
3474151758
5951112293
2800027169
8045925810
4746349218
3676764306
4263382187
9687295393
2313807296
6828781685
4168837448
3193685193
6479967277
9504063229
12497260794
5350744768
1900855676
3299257220
5096313609
8593746331
9279762379
11367731175
6880122441
6279981036
12394260295
1806463491
2676126339
872980326
5495833815
103574232
4514773719
2686717340
2620006557
318465876
3843301371
5550461819
3389625072
7473839724
135403458
339510410
903781838
3030190682
3893921987
50742923
3030190894
10650631163
3775281856
3193686949
7568468096
2209780543
1426403537
2686725548
2891734897
9838952953
8363955303
3940590124
54427339
2261544521
5082878325
7284027740
5312575134
4257658331
2779695912
7969541618
4650828018
5497362355
7462076970
7756471780
3400939280
3639023392
3297729299
2988766914
1832529568
1695594662
3944424229
6932994294
2685896883
7568487930
3213336488
6880116585
5229217501
9847056966
52051542
608559516
1429288190
2184089934
4316751509
10794458684
2634267214
10754272665
608318725
64198400
5271377030
3412915661
680313683
3197208399
3298324867
3581102242
8051601508
8997877055
4133264792
1698067249
3093557056
8383349115
8658660241
4500909144
7931029930
12281705194
46428204
6828807053
5951168411
2064729309
6279969201
8557265018
5399033834
6420941253
2412475388
4262615328
3207964026
2262366628
5965598007
3711183180
2634283010
2778834633
99211987
1428780040
3826727035
2682134066
4027644415
3397468387
2367255788
3410058939
8482554825
4685634044
330072686
4934528512
2463787037
5258170019
626405993
8725883454
2486786800
9548335934
2831734788
10892463733
5652464583
4168074305
84441168
3298533854
5898725970
7305211204
9617661329
4230569443
949287700
6868529050
3667053844
8239290674
3630177754
2921968941
7042236887
52052845
3780152428
421994302
2297434789
487637593
2899133600
8372916849
8247196215
2686714982
4106629292
7767239584
2800870418
8664737215
2922855998
4277641766
7225967714
421994294
9506844954
9067742495
185127675
4760893313
5398432423
5394740646
11932887235
3834138296
8999736643
5135430060
3193682233
4882029298
4707775924
4440874351
9524741891
167199979
7982316941
2276558761
6754882129
2682969195
3307387676
5456152037
10656743583
135114980
481403224
103573258
8264997786
5498283136
1250317555
4049645329
6045517224
4476858062
4806004078
5138861770
5653022524
4764577121
330088907
296026446
10796304015
8755407226
7014702437
9279760637
8263917479
2058915459
2483574130
4796921059
5951665592
3310625824
9339923372
5338890213
5362765655
5336594367
135116324
10796085566
3030189988
50729250
6828825667
3393035860
2178640974
5819441165
8190315990
9533699830
330089856
4296701698
5984541482
5975725783
564171359
8330799519
10753851726
3795729358
4168069807
5758168889
2453298861
5200254472
2599114404
1685437786
7669743422
3294062015
10719832864
9847031213
4062569581
5230231312
40221687
7294655744
3839702658
3780144748
3638198319
7796627154
290347029
10686690554
7987838759
3393040676
10794341375
2849498613
3312398493
2907432762
4889207749
3760515910
2216540933
9538786930
5898162139
3485976381
5394787364
8104349367
6151656284
243220569
348579538
8248255352
2983758892
681202774
6044948309
3411837455
8432860618
7468167088
2676129841
3677655026
2732223867
3317132243
2461839250
11217146714
5611687251
5038159909
4927451803
4707151533
3470983121
96842062
2298257598
4286914204
7468178994
3030190776
7754467268
7201320344
7754471262
8665835354
1428450809
2338258922
19323760
6279987718
11941861445
2409099486
7333983826
308612839
4881426535
8343225304
11510584043
820570356
487263368
4889795778
50742944
6754812921
301669987
5962728317
481415895
382180874
10659426465
8524273806
3030190566
3352295829
4928049724
480417906
3779286782
1491109264
3580293337
626387657
5138862812
5497372167
2277359774
9545641061
2613284933
4733513733
5187088935
6248193324
3397472543
40222617
5987189528
3778487203
9846930764
2357091390
3676728263
6828774105
4230618661
11401079976
3866452021
5865970925
8877203469
9838965013
3259899290
5301419162
298346556
4268085925
9847011926
8991128682
5554064813
8302546500
5928070030
1763671667
3780159542
3774484665
4013618206
4685002837
70503220
222216610
4650277985
3773757247
3834175062
135039961
2614110022
2461838060
3213771883
5543481032
134288445
11751332805
2778840281
5062925891
176087515
7708307028
3944406887
8396200090
3980924038
9538749988
5636669503
9620896452
416352187
3230063449
52051413
5835284644
3142947244
5910640882
3171621504
6492335561
6158593295
3863671864
11702906164
8265049954
52051466
7572893464
10452092804
1464161634
7032421177
3297716571
3935233154
4040194506
6031024591
3774457925
4263273897
9844384015
2313806826
3753287978
4017587530
4305845840
2131411401
2219711553
1523277395
8839339706
8208673480
3416494592
5110465307
2050957256
12497092273
7949084638
6159297676
4685000051
2411682265
9254685959
5311984129
4120529315
5258169647
6182579297
4121303790
2461838666
2682967547
3238935053
2382774574
5138871926
4263379025
59041358
2313902629
11865972686
7037631873
416352197
3821451931
6691760823
9617662087
3259411532
6393466943
822313004
7568496402
6880115327
4348372947
11165601563
9960426144
2686727136
6691760003
4847512108
4928693106
4166938142
4286923810
6925748483
3274974494
4733413255
10452119926
99211370
9557411120
6828790001
9040624435
417793156
2313907535
7985003756
3256442764
3486775468
3629413075
2337424153
7381749666
8207582553
6248193828
4791703957
3600714776
8372895075
10719728165
2078747989
12394691083
3486757968
7545562976
4441656560
6183154066
2873164682
3416526574
3296559575
5229638741
10957217386
4849519998
8331856100
2526804633
8326527826
4456203296
2313005255
3852429547
6931849032
7079026569
9690531662
10195933195
4015978473
3306558303
8557890681
12394604704
2974643492
8372902693
4644065107
8934218100
1428779914
11232657803
2531086231
9423406178
9279767211
10482728394
5611681967
476520187
3767041448
59041346
2392835410
12289151284
2779729550
3435368358
12497128795
1428622784
11751728964
2830587346
3207167997
8718332522
3667476935
7621478192
5398393015
12281878306
5327194153
9257465076
70503247
2878584519
8383346711
2198567778
1807314902
11932547526
9337139389
8104354311
3944717189
3843274923
7201322828
5164486340
4019348496
4707179979
3630191670
5966004674
193789678
4057508220
4881423519
10567356683
4455432619
7993607792
7410386728
3710380793
8104366206
5096278947
7572890686
2432862785
3830533352
12497234034
9637070394
5143875473
5909022967
7782712882
3207126857
2961702363
10474547324
347112290
421994369
4257660395
11865559554
5898739182
330089170
3732902264
735587018
5129769964
8933604583
4805386049
5350122501
2313903253
8247197197
3294097959
4573468987
5251534830
3485941445
5502976066
5038774842
8689601588
8695014192
8685321724
3398324266
9687293017
538263047
4760086821
7189845902
176087321
8582152602
368382247
5090713061
5637293550
9035177083
3039742328
2559568764
7822341174
4016836935
2677780629
3306560227
10428041154
8021565580
7568491844
3274973958
3691759055
476521787
540082147
7816994786
4678489785
12281473513
4650903186
6908254370
112244447
4650183745
8045921381
4823134114
5502977112
9557820464
218442238
7959557782
9004176518
5290237269
9844532643
8992695386
5927510743
2829747023
9504029461
6098236714
8617964931
3677655946
5213539481
4478632177
1832544374
7189294274
3397465641
2366425799
9838956473
11733591956
3639085712
5229818440
4678489805
3353114684
3755384142
5373379852
3599904015
4456209756
2830891655
6479937569
8330802589
1429278230
4107895469
4847512208
3215991839
8027012353
2220313474
2902591727
50742712
4960123163
7640044152
7054346561
2829537930
103573701
6150928494
6970820724
453106913
7770570644
4472279006
2907638727
5617739573
5038157503
3567790093
4882105602
4276883779
2893270900
4769599645
4769609553
135048785
6828814379
5178864052
9027397731
4015325236
223914037
6925748265
6865246830
481403732
1675682028
4004949705
4882062728
1861196106
7434976748
7748961536
5989440877
6494711785
5111052798
8189227549
96841974
3457809436
5758796664
11751268593
4438251523
4792323134
2620835490
4771816811
1685434866
6970820032
6010896677
3794900025
2962506932
2633432523
12281305945
8045920865
3805518422
5959997499
2298246736
4382797890
282314017
820978460
289642843
8325470011
5062939785
5992433354
5327807172
3434361581
2972887303
11400976535
2183301183
6077442803
8220430998
4889826160
6182584791
3769976991
3830535032
4500892932
2829748335
99211785
3795733392
6077850234
5898741904
7996639475
6246445413
38399148
40222618
3579356292
6077910084
1956115854
7468141678
5569326822
7568474482
5951260060
9844318876
7042306417
11702707043
3892187606
2367250226
3317345326
1642763740
3769134635
5636302173
135050066
12496887265
4647546444
2219521021
5951684974
3763486668
5642397251
5336700087
5820001188
5927514557
8556155993
9506816864
9339922364
4166930352
8219347763
2177993607
415958652
608309425
4823142584
3976302614
193792167
5063550460
7977649149
193792888
8481036527
2058917075
4707179969
501796631
2337424477
7468192418
11751292774
4882030814
2634254778
2921995787
5542980138
176087870
2951841806
7366683922
3985075445
1486670103
3398330080
70503450
11703017533
4906971826
6393471141
3093561204
539957148
8755397068
534510578
8739328843
2972708359
3775511193
2058915961
8582152358
285689351
4528643888
2262114667
6915332615
4500883066
5082884383
3940591306
5229240089
4855336608
8047226158
9254688325
5637233342
2178789974
3822257786
5338891415
4348323249
534636361
10498353623
2261541185
4263381473
4277633874
9838838294
5960538920
8051599470
3934445785
8189230541
2477871906
5286222758
487693101
5377709663
8561274812
3443811134
6280510878
64197029
5138853562
4823139220
5324578005
59041461
12542204
5454165339
4264051686
8047219317
3761037494
10587186216
5138857954
3788328460
1955829430
5229202579
3885459460
4472413588
5327807604
4683653489
2690224919
4646931035
8302540384
5455586790
4745768037
4217337792
9324318413
5096911638
480419186
10452204986
6274411655
2599312272
4771813139
453088898
8190317898
3939810977
2482756687
2313794806
3471781758
8755441444
11494195405
4702122807
296734025
7189752932
2988769396
8263965931
2898659607
222173555
40221783
3472230091
3030190418
3292144501
12181478664
4348326957
7996688696
4635896462
1429277500
4258416242
6886315482
8688529819
5497365227
9069966916
11933273473
4296690952
5991876581
3862834515
8314754994
7754472936
11497515
8265051998
945319185
2685907307
8755425458
1306855842
5951146197
6247664455
2706918902
9254681901
446153951
6880116951
446147662
2972710017
2697060262
6262627314
8265465341
2277349260
10719988883
2706098941
2836674932
3853243966
501736428
2454740579
2497966897
3985761536
3638203355
487288433
3639016808
1954858119
1955829324
6492324927
487290807
3020386296
5898168125
10195615874
3732092259
5527847393
4822523565
3952254100
7201351082
10195800255
5096314397
3317145289
6933001284
7014621337
7977532043
2482788211
3835427898
6912340885
4711995478
4635284819
4683478763
5271383902
5551058100
2262327944
2440618445
5498277400
5398421135
11732272425
2338258414
7189701544
9504072991
8933608827
2922770680
6912342291
3677554550
2166655500
4855337804
2690004771
6279986418
3900060618
6044966447
223803831
7981954679
3469476213
2943175092
9637098168
5454773902
8266544288
5900625846
2381941563
290355908
2530726828
10045795353
1426502085
5038776816
7669740696
3568956904
487608986
4471494795
5377711513
2486869688
2165740695
3486797886
3551796565
539966422
1713912928
3867235566
8116513655
6460233431
9324361619
4168833746
176087209
4846891119
487287905
135039604
4791784389
4086056583
8643347864
5213999239
4479259790
2903435370
5096315913
8493324986
4313364034
10719890416
4075755249
4678891154
2778848263
2198535954
3600715880
7756539448
2366435935
6700317529
5636630061
2166529822
2337424745
5782615967
2998911107
8693891765
4822526915
4441651944
5612267858
2974669464
9254689129
3769932632
3769934649
169894219
8363943841
10423178764
8266180779
3629163439
5110554397
5109583657
7754466736
7756472070
7102027213
9029558726
4765206352
3980164081
8045930304
4310790763
5500617031
6868578544
11517498204
2486822226
52052805
5251534158
3835444284
5542402543
4822522725
5180507304
9067737103
8513658387
3173167500
6624577709
8051598518
10263149134
8044758376
8330803351
8492110865
2765054479
1428779394
9339931348
3833178895
11751716684
347111824
2763075841
6700311309
4684103230
735596824
6393466521
4531616981
8155179911
2689927019
2707217746
5688579490
5177841029
169893635
3639071774
5652457927
5937150857
11751130873
5285625077
4760827205
4039417307
112243572
2772036020
4733442349
3688135078
8314754328
6775122856
3392228585
3200072527
5960555688
3779340635
9337830887
7284038302
11865559784
4011385028
5169437163
52052758
8593746731
5230231632
2532659689
10195811276
4960118699
3940589120
2114667185
4240212610
9279816157
8933603607
10536056213
7755466318
4221266668
5128347276
2166530664
6044961427
2972869611
6955958934
10452380743
6151087183
6031023979
5128355692
6624575811
11732354385
2366427623
5176522936
1675682410
5455973077
3102174199
5715982488
4012521236
8754279197
4989342490
5456565168
10659727256
4005718500
9633827175
4760828679
2313009581
5061762285
9690530576
10659941403
5819443289
4166177593
9554979731
2598688979
9042919527
4804578309
52051593
202685456
4805195722
3778482949
2530906855
4263243247
4268085715
6912342569
10754058903
5637270246
6492379519
4889825988
7754466396
566295389
347111869
6880113303
2392005615
3103008752
3940916652
417537329
2372101423
5109414335
135403439
2461840172
5989441205
6880119125
222181157
1428404497
5178401138
8523314469
3779860105
2907425156
9524726579
4847508088
6031579036
4349122720
1851537978
421994275
5688012049
5989440911
10452320753
3470959207
8044755598
2951846628
5637265460
486487275
4734226554
3885721603
5229639031
84469870
421994357
3944409335
10536057123
6248177408
3710372933
4103350797
10659731604
4646923867
1850437547
368382456
2630646886
2685913455
2686716842
10405932235
542108715
4258416596
4263382931
9257470460
32118433
2681337025
3580290951
3172459435
12394506145
2357090456
7969160832
10754056253
4635896774
4016650654
3415768375
6279460063
3207995524
2492112736
5052128624
3630193866
8263232359
3313264608
3294950812
7468187606
10796287025
7639992150
2831758218
3899276739
8664737049
872143695
3886519232
8220412330
1428401613
1193619034
9792727203
11702490555
421994283
538263063
8020635370
5338891113
11345647513
2178791446
11702937624
4633044841
8331858266
6970820552
3829737429
3676835261
52051877
3769935968
1721103986
5250933271
3769135761
3769947373
9337931899
4103999082
3692592608
3945201862
4405330628
7572885618
2365850314
1979427420
3718480452
9045172142
2744424763
5286223914
6178568413
3434358453
7333978098
4854742011
3945206018
11367807584
4797549346
5138271265
4063318914
5096285773
3485949813
2973556560
5063542374
8330803139
5455588046
278546233
5527856931
3867236296
193790888
8047221157
1812348124
5633814709
4063318506
3754586709
1675777022
3629359103
7294672286
3775286010
2800875062
3400936016
8051583006
9857547165
275686244
2132188900
5991876885
2921961809
4459177806
7977595050
480417596
84458576
7767233782
3794909783
4633186615
543179827
5820002718
7847022646
169892994
10659610274
4633046903
5327804408
6829082886
5340248760
2962505958
5159842047
5632512890
5554065419
7201337188
6279974390
4062571667
4815249870
4815262450
453107945
5052131860
5951675164
5976285938
5991873775
5138871416
3759877843
476508788
7189748072
5898733584
2878583399
3676845881
4078725092
9254697233
4855362442
4263387515
5456075003
2886513934
5497388857
480418362
7196668032
7091526959
7657020532
38391649
6247665743
2690965424
5615968016
2962504910
4960722076
5214588478
7748962450
7748951760
7748961958
4960117011
4960718138
2879418392
6182651249
3207253225
5052126248
278547325
4168070695
4075755389
3779346675
1635527310
5454982227
1491119166
1490265543
2392827886
2220312874
2850161554
6828756695
7708309574
421994350
4438562503
1593676427
8425694581
487289789
501748490
4928814004
4476855112
5011625981
6045512648
4872945123
9339917084
5022944133
4309475372
6077891352
6700321899
350308932
4063319588
222153970
2262110969
6828732537
6912342059
7996675007
5715459675
5455601708
5038777548
2730391894
3259037865
12044924063
3582023192
9690554722
2982903439
5350746618
9637068712
2771193533
3638206801
2155438737
289509603
4216955108
5910102005
7545563574
2461004307
11733134436
3173282152
7572906112
5618076977
1850748831
59041159
4711347835
4849516402
6828766357
487291389
4806006054
2348425577
8483647830
5214132904
8222473671
8773283324
7116897287
487293857
5229209697
8756072382
5634382418
9367735494
5950741397
3207098091
2486786508
7201355302
3434353579
218441624
416544843
52052550
11401098864
8513656303
4105862127
5568738301
4295926845
7421929486
2778861397
3471783700
6970820432
477345920
6921238023
7931060050
2253323890
6995023041
5542398925
5527860673
3292317977
3834627447
3472330055
6393469081
72856276
2951102363
5688602988
2486812496
337226939
4308770173
4989359664
6700332883
9792813893
5128339170
7572913482
11703433606
8754330321
5642967706
8385232509
7201353582
5992431782
5992432092
5542981212
2733062198
8383347493
2903532388
3413130103
8372935057
2707220528
5951182393
5134828079
416555138
5951178035
6908262278
2633417607
8754279689
6077486331
4846887335
3294926336
10686877993
2183279459
8934222522
7621473930
135405610
3470967057
416544763
6279453305
6624630103
6183102058
2830585968
3638208265
2733066880
7259465822
6183151602
11820122953
135049429
10719926344
2951950136
8263920145
2922822312
9792709704
4168830976
7434957772
290360470
7076937419
3486785310
7754474014
9282559098
2526821247
5511266188
4519592575
9285930254
2780060136
3413128281
31758569
2219517409
4881496733
5927507581
2277362222
6280469142
1675788826
11865124785
5527865507
7193104056
6274420141
6393470559
2156224882
471159613
2998912353
4257658009
3170784389
5960505480
7304463394
5959997957
3638273175
10753880654
5096313455
7782672838
2356258145
2831800840
1955158215
461602133
3298517012
4107894189
289638752
2299072420
4707151551
3649940147
6159142818
4989347570
9723829589
222149556
134079894
5138854992
3779292138
4622498601
290349674
5200253528
5179922617
7193384172
3834632603
2690953116
2843414085
9555237605
2907426412
5960536480
7294720358
23059414
476521563
5138246823
539949700
223913594
3944416479
5338892243
5363377140
3582022234
2213925341
9254695337
9324388571
4424354946
4316702171
3810082026
3312424155
4889822936
8581050913
9617664129
7259466352
11933493993
2830589086
3720935484
5230230282
12394892604
5271360770
5528474866
135395894
5268900519
3691836173
4166941366
8267375900
5527867525
471159765
3098875501
471159885
11848435566
382180583
8265467555
8560183303
2252520847
4847516728
7201346064
9792667384
3827584050
2830957447
3171611896
1427343546
5038159283
10423185434
5669726671
10452444083
5134015125
5737713848
7754471800
3207950344
4076509332
4882108290
5096278363
7796621514
9279813863
3294095057
5782580027
3435151964
4764574819
12497387424
8991943745
4775701170
3029355103
8768541971
4847516024
4268084539
2973558128
4650275407
4501146209
135051921
2829539120
3830534392
9203112839
5527859257
7468158268
148880501
8190308730
243221425
5180513666
5179909999
4062572949
2620834132
318616209
4062568401
5134618198
4267806859
52052657
6819698981
4027628555
5782598719
7782669660
4402907532
3780593482
5625766310
5528472292
2800027615
50729151
8557876311
2967980386
11639889845
275686095
9254692473
3692557936
4286196741
5144480530
7568477022
477025836
8207583991
4476080501
8020714043
9637074880
7333979730
4220627956
1850838881
8207583813
5670279820
5187088383
8690060316
6669396721
1516342106
9504044899
5636647233
4286929742
8649140544
6991343152
5394728194
222230805
12010718044
134073694
7259500376
5637182266
4534113784
2372116625
4277650218
2338259044
2461003831
6700328527
307617800
4079189370
7193374718
4823132978
1709427114
421994338
5338892397
7191685656
6077516071
7321201938
4805373157
4805373157_1
11751129883
4822524241
3393443276
4439344256
9327118380
9324375591
5062397858
4806014250
4806014250_1
4309636706
421994323
3687293943
6045508512
5965483149
1593561917
8044743915
2058916965
2184100902
4960117501
6492354893
8027038398
2433676472
2178639350
72863296
8810440549
7193427054
893230157
6669386945
4711986072
222144998
2771193635
3795731120
223803883
5111088090
10753856126
3412641574
5129174513
7191700558
10427994505
8263939731
4633046329
5871990869
12044649575
487241138
9029676120
4746470290
52051938
5782582075
282324684
3178666743
7193177754
5258788846
2354714589
9633861845
416544407
2629854379
7996643779
8331858452
8266340301
9283153097
5950661603
6247666671
5052130156
5012623182
8266173547
6492331921
4966794437
2433675946
5910655870
476521675
5057317848
5959969353
2059701494
2685911327
453089812
3313224208
3568646278
5290297283
2338258648
3092716777
5110021878
6669384621
112243571
38388916
2800022765
2800870692
2800026939
5618323622
903801204
2907419942
2981859930
487509630
9324393411
4132507059
5455585368
5652463155
7037628693
4039417329
5612266992
5909974117
3098878749
4039454903
681114448
1851554226
11497536
4439034280
7201338836
486487809
2531087583
1850421881
5250102031
7042298535
9203108375
6031023315
7774626850
5722301303
8190316616
5455578324
6460230437
8207582957
7572911352
339508292
4806011196
4806011196_1
2629828405
7572875576
8396184702
8576981561
5910548240
2745260940
1674808621
218442505
7189761950
9792784116
5568735605
5910544912
5297649933
4881498167
2165736745
9337129011
9567251651
3944720925
7091178095
8267361298
7201349046
2432861631
3294124405
877384903
3292090591
2706098567
218441561
626429569
2155432849
2949717004
1955158259
6669386079
4981209783
2461004455
2961657847
5062923419
5625149301
5110162700
8104349899
5061775187
10796381114
5182273900
5819442989
4439033482
2530908841
10686637655
4805371335
4805371335_1
9857700925
4402144343
1079760961
290346269
11865564934
7091156673
6193264099
5230231770
3732888152
3732911332
3093566474
1954857953
9285923900
7847013976
3830533180
8821027502
3415766329
243220388
5129765888
4622498763
7748952300
2999749448
6691855355
2516194346
3769944403
5327806080
5951679048
4426896357
9567267417
9337146253
3103006230
4960710650
2258183835
4702788468
9015146173
6279465607
5625162585
4760827875
4402166451
534636363
3299261094
1491116284
135403450
7783922020
5550442083
476521457
3030190126
84458462
2454740575
3863809775
1490276087
8189229315
3752495827
4635897572
5455589672
7294698590
7225647014
6825144990
4881501233
6880110653
3259067845
6040423813
3774468529
3629356261
4286195785
4106630422
8877228503
8363959407
487262328
3473162568
2697000780
5569328158
4806007504
4806007504_1
9029632712
4107897723
2366464007
7692504868
6274414743
4721559848
11494570706
7639998126
4476079309
3294093039
7774768304
2479738524
2181224465
8877830126
2634252000
3568382785
4012850149
8432810306
4764574219
4140494070
3862854863
6829110588
7284065246
3834639707
3036040244
5178440804
477363715
4476079389
5959959399
4016940987
6943850480
135422503
8190310540
8619071672
1490271201
6532214869
7996702146
3770033664
5950680091
5528463742
5991877927
3162081566
822304520
1956115780
399609903
6886324094
2732224763
5083478858
7748953176
416554906
8044757074
4694931060
9527521558
7228788406
9250902835
3312421765
24333450
2373407571
8051602822
5950671491
6262628206
2950994233
5910079335
135403487
4760826641
9809868413
5989441049
2532647681
11702730615
10754568493
7316675006
2830902241
3113303153
7259497062
5987191980
4108661410
9847044334
7294703912
2533334430
1491141582
486486771
8768460867
4635897960
5100232718
8190310040
3599904413
5269516684
476507678
3769118443
2695578775
9960411914
7996662243
3103007040
5327193995
476507546
5636720927
1979433292
8051576761
8582152490
5965597991
1851515838
5987181786
2533475250
223803205
3795732278
4721559334
3312428867
5394651400
38386804
821432141
5625154361
3568637792
8247182899
4711347505
10659924666
4647554316
3752499729
3171489052
4028388706
9282550652
8047220044
3951520407
10660534024
4960131103
10660522504
40217552
302435170
7996664877
3777252619
7996658306
1954857979
4308895697
3899277679
27483765
6247663849
7473793280
5633827485
10497699144
4012849965
3629159169
7259485350
3178671427
5100226496
7782729652
4889210017
3274153589
6691761153
3835450838
5051508521
3238907655
3899277837
4847511916
1535297933
4647546930
5636868648
2165746891
4409398014
421994384
4635293649
6158689283
8219346403
2419803
7796624328
2633418313
4401505185
10892194686
3570535404
5464344376
5636821257
2374245666
5625187055
8051591272
7259484982
3917725408
5554649466
4734095730
9570089356
289503624
12115424893
2258171683
12394680724
564157851
2531726228
223803444
3543080943
7748949834
223803485
289510364
6459898557
2745262194
7294661128
2745260276
4647533390
5669701655
8384431504
3092717999
2878586011
1043162809
27483779
3240111380
8374000518
6078152574
2987910331
8051584689
2706099055
3753285856
3687287373
4427669570
5258779264
4805371907
4805371907_1
9339928766
3899277059
6182614679
8363957247
10452269596
3193677513
2337424383
4476856682
2829539274
4012850819
8266528200
4016826847
2363348833
6739487013
5993419426
3299260498
6263799451
477047199
218443542
6246446035
8044745515
9792757385
296028136
5862117267
1954858039
7228807544
1429287934
1523271735
3676039021
6743328533
5625773610
6107977467
318615817
5398424083
7545559118
6348991474
4806012538
4806012538_1
421994402
2411757963
7294702600
5327806532
5052130916
3237255951
4472159392
2976213
8664737183
282306405
6274415699
218442851
288836087
141676774
487638965
1428412035
339513365
7154217817
7754467812
2961654667
8717212077
5758208845
9327173930
4439035966
8104350153
2482772123
486487191
222163079
7708306700
10498197763
2277350882
5111011712
2976229
2461838546
3944433203
453106757
6700332213
9364897817
8044757470
7228796052
2337424539
3297685197
3567803219
2361854469
608542690
285689999
103570249
307617886
5378310692
6880109515
5987181850
4039417311
486486823
2166542014
296736016
8044745879
5062393122
9960455216
12497320934
5258171321
5872554998
1851633042
3312420079
5455589204
52052146
486487119
4286935686
10686675996
3581136634
7193203806
10497743996
486485057
398654456
6853242318
223803289
4498245538
2065524674
5082887495
4574103220
2178785292
4040194494
70503633
903781782
2362685888
5909971151
6886325032
7323923
5052652092
290360858
5134644088
4889216723
5134058047
2599119168
4960115751
2258160457
5082879357
4734231842
5539659661
4288648884
3691842633
2518094240
8665837480
5528479218
5454988509
7748951080
6031579662
4383183440
4427653046
4287911697
821433745
1764482158
486486289
8365025528
1880070931
278546113
5287120473
4276888849
3810062950
486456458
4476079181
3298515160
3710370971
2463745419
476522037
6971258817
290354671
11367716826
1428403377
6494667935
3975541205
9327178314
3435585816
8415578439
7032421503
7193072572
3944438441
8326529498
3821456895
3292117677
9548270782
8051591319
3178669733
4960712700
135426569
2634310020
3688101398
5625754642
1490283217
2967980588
4881422019
7728435700
72973491
10796261776
108586683
3030571284
3435157084
4220570964
7381767396
4086059767
5327804248
2629831173
288817385
8223561412
5634662765
8263975989
5327200789
2441447770
4495148807
12497216703
3975540357
4989365306
5527878441
3835435622
821431967
9257474102
476522149
5258182991
6705163319
4108657666
8181777060
4598256659
3664958553
296734012
5497980908
8266314667
5134074777
7259479040
2706099761
8220410000
7259489050
11702694703
7259499424
3944409745
2906578189
7228828422
2829538812
4574103766
5951279654
4745763089
3830535182
135403418
176086987
4764573113
5300400531
2198569082
2165733023
5269513210
7333984500
9029637884
2313044423
5497376933
5966004680
5543467632
7259487746
3732925942
4760680542
4637524520
2258177045
3834663499
3434356807
2744426511
8044755196
6045523048
3639024980
3536116282
7201347740
9285935380
4348311155
4760673700
4574104082
1593702245
222207609
3834640843
3208004720
821428749
4882035660
2392835042
5987191032
5625192265
72960265
3834666595
7294646882
40222623
2976199
4476855212
4734019980
7225658834
36107502
3885728081
6250104087
10498053933
477373393
5377710683
2313044951
4707151559
3965822399
6045504436
7054350639
3172446287
3944435885
9186319976
2976176423
8208674316
3207142033
6099517676
486486203
10452363613
903801176
6492330635
5063541722
40220523
4168840262
288842732
4040194502
4382420643
7728439696
1954858007
3144840151
2892262453
3485985187
3118939717
6983364903
4476855358
9792654495
4889200657
10754066633
7225670084
3944415507
5625194905
5110192818
2362686268
5110023680
7532909136
5134037025
5910538288
5009408424
6178609453
5633677437
5625741248
290352449
5633727625
2419784
11285844
3770028511
6754859387
1429280642
2412555618
3400934744
7191707200
8263968081
5058427508
4107887033
84458398
6669385265
4012849691
4402929890
6669388585
9857652416
1850761519
903801192
5061791373
6669392599
3516859062
4075754559
243220980
8326528622
6896204402
3732909164
3102751358
347369751
486486707
3099697004
4056769011
5543485176
2830586752
8482131910
12393320174
5898170771
4216527527
3434856139
7572910236
821431857
5062400094
296738576
103568430
4107881817
4107884203
8326527544
4927444255
7796638100
4889820560
3985829810
5327199565
5454974895
11702793714
878234910
8326529064
296736020
7134958169
11367841723
6494673379
4854719689
822305240
3099692474
471159319
2166540244
3313758930
4647533964
7284060516
5866538178
8020727307
223803726
307605480
5134039337
5327200249
822309520
3834643787
1698917908
5543423000
7225650442
1712659557
12394813545
3830535342
5965598001
5127732901
2811278670
3171494112
3029355467
8020721629
5542846707
8991997243
5527872343
5497986160
3207183887
3207176655
4476080461
40220515
4519468214
2531902786
4952940070
296738583
59041202
2800026713
2973809637
5061779633
8298482456
3099718398
3274152973
539961584
1429294428
3830532848
6886314728
4805998074
4805998074_1
3688095294
12394929383
5834654687
11285738
3630189388
5338891677
5500625391
822308166
3886471948
5377710363
3830534494
218443475
3886525796
7796643528
6279907527
416544721
296738580
5542884563
4076508626
486455928
5061782873
8989902981
6669387549
6669394827
288817420
296740233
285685885
6375741663
4678812482
2419799
3274973326
8220432002
5543421034
4598845104
3687292105
9857658116
6971269095
4881426131
3711187764
6669389539
8325469161
4076509470
6193266919
4569995457
5500624097
471158657
471139704
4703314180
3710376347
2800870804
4881502983
8326529290
9205893280
2974641394
421994427
176087622
3829738763
4016840355
11751269183
3297727311
5872016747
4043635278
1674805035
3917718572
2681345863
4455558382
5630026705
5111080962
7225654296
3471791988
5207619966
8933608673
296740225
902931237
3388813749
7042311519
8634837968
4637020867
3691779829
5038777282
2696970268
5377710001
8383350983
36108839
5051515825
1709429962
5618664016
8989887343
5207030867
486483191
12394687285
6163356947
487613500
5542895477
6669393537
7949093624
7949109780
2312250788
5527877199
51548449
6044975521
5061776617
36111109
7201319212
1764523648
4760073205
6099517784
3944410843
8372909199
1763665829
5134662696
2166538070
3676833557
3161248705
2830930075
6158794323
8717211785
3676830461
5110456339
9690524424
5543455392
4711345411
4026698104
4039417327
8718331282
416544501
6864742632
7536840750
7193398586
4745842759
5138256361
8331888438
1851342008
2166640208
9548317540
4107891155
8619074856
7225651760
4881495417
5542853195
4076508876
11467896214
7225663952
5138240457
3985873730
5207618276
4026694764
11367820773
4025940717
5062387464
4438568385
4026690998
4025936643
4263281867
1850833667
3568400411
288817416
3886526290
3985098227
288817407
2313001011
4746366668
3985087547
1850556281
5820004252
2831712528
103568891
27483924
486482979
27483907
10125352554
9205897206
10497803483
10497577256
5258178285
10195707104
4881494463
4076509824
3297701675
9203111957
8326526816
7572895076
7225660196
243218074
3687292619
1850401943
4854719231
8373991722
7225653660
4108654984
4026692112
8326528174
11367687715
486453704
3208070938
4476855160
8718331592
1850703607
4264025324
2976189
4166168979
4040194518
5128345548
9633835821
5542871699
243221345
11437345055
3274975038
2419794
2921951447
4132502983
27483771
27483952
3732129443
6017338383
4778522253
11285970
7042267503
8325469703
8325470805
3207232931
7225656268
4108653560
480419960
7193223824
4166940418
6193265393
4405329102
5582121742
8298394302
4074848725
3710382699
4075755931
4107885699
2830852009
3732922440
3710486377
7948888948
416554672
471139781
7948871370
5528464336
9545507983
9203115019
11285923
2903479300
3779304642
6158543528
4684082900
4357819418
7949049474
4166172947
5455974961
7949101452
1807316072
7948795526
7948839448
4881459899
285683956
2976220
3388817009
2509627375
8717206597
7948900922
7949207892
4076509600
243216999
3434847955
9205897640
5229820728
7949014264
8326527310
4745838465
4882069104
11703565136
243222498
8040025822
3388816651
4619787693
4619788825
3388816703
1306850114
5528465620
3389628258
3829736657
487291995
4075754675
8326526524
2177843201
5229235771
4075754797
5543471390
6417793045
3422943551
4760099615
3568588428
8325471785
902931121
4760065957
4277654784
4881460063
6970820504
6417790281
4881495115
2367257762
487289139
5250031697
2579660906
272681965
243217057
4745834327
2730271392
4881460225
222126959
10497718194
10497766153
2579660742
242641135
84458500
84458531
4166176889
3274154055
####
Label fort
4501766904
1806444675
3298433827
4027646409
5001745154
3951834477
8671091746
5350122803
2598705467
4459178080
3718485998
9293222286
6374585223
3259867328
2599535370
8228431672
9293215044
4054063642
9263050577
2201679053
2778342839
132872354
9159992325
10045378096
9265835016
8877216049
543179841
9162227202
31829745
9290463533
8974608162
4438562165
2529912059
3299102656
681223248
447191477
5636855594
4479257570
4288647764
4455433635
4296665684
9293179792
3456990257
9265839208
9263060779
5758872516
2620834398
11732863965
5758921508
2465223599
2698922918
7948664278
8877205941
6158674487
5187688318
2706918582
4979732232
5865973377
4459177970
5962387175
2873162268
11733012966
8047179310
5452759540
2433679204
2486787268
282297251
5502970794
5379788598
6045505368
4988731805
9265771882
5502384777
8839299322
5502380625
2201687285
5268904045
4685633294
5187098973
2356264285
5269512796
218442543
3307567251
8112078862
3796287545
5268904225
9337152291
3769138653
11751044075
11751039725
8513655611
4316759251
2391990493
4441656468
2696342518
347111698
4288647036
7381927534
4478631503
6886314022
4633642584
2825137258
1675789874
5187688058
2681337007
2262897838
3293128036
2676126953
2976144
5454241513
6158664041
6494713897
5758912270
5350736476
2686728102
6494684361
5975733919
1807288870
1806437297
2129443949
4459177390
3456993315
6491468795
3692589214
2599106838
2165879901
4791687247
2681345869
6494684929
9293227686
4636247391
3239788122
9290473707
6602680623
9293211842
5669721997
9293191212
9293203524
9293189132
3805376786
5566463504
9290476889
336291787
6159240676
9027414519
2433675744
4194782836
2142285729
8525061998
9263073009
8004818828
3379490419
3259036071
4771813577
2433675496
5187688136
2485968757
2872331799
3456991217
2730527690
4760829367
5269511806
626427043
2681345865
4912099789
5773015036
10796281115
50494635
3580294479
11733289864
5350124151
5776755867
2771191157
3531576730
2697956755
10260620564
4501150865
3397462655
4106629436
3769128287
4288649304
4287905697
4745825323
3676878611
4287906793
3294891998
8330799711
8266337299
5683051653
3118870690
3769926194
5569373536
3230063477
7381824992
5801467175
3821455475
185127156
8263963365
9838945473
11446206564
4441656078
8220420502
3118039171
8271221531
3295824960
457715096
8557265820
3413998658
5096314303
5734659764
7698242
5715452149
5999518796
5187688576
2132545386
5758923594
9693996533
5670288938
222138785
2598275817
9290448311
3732075215
5497962124
5059340137
2314720094
6492376689
5455596748
2486787510
5269513024
2698921774
504119953
2620009299
3863669406
4711356203
9265776726
8556154803
2873159696
318614474
2681337017
7284034050
3457810994
2690208605
501786641
3951789739
5394107561
9265752334
2698098633
2599110112
8002084261
5670291784
218442599
6158816565
5670292258
5670296210
6801572390
289622192
1427400906
6602682907
2690021373
8581051207
5269513328
8877204767
8155206766
9262997415
6158694333
7867545190
4771816933
7931080032
6866650616
9003264913
5777298390
4636860280
9506873544
8047221324
5502377039
7195577516
5236658882
4459176664
3771568410
308612814
2598709673
3268957790
5268902791
10423191424
2598690365
5502375353
5502387977
2698918792
2698919922
290356784
481407168
11751023475
2524762934
2614375716
680827502
6494688491
5350735036
1427900533
5776754665
5773527861
5419267708
5338890009
4236720636
2690031153
3677693352
2201690867
7441611662
8482129940
3945512630
8989919671
4287904985
2298244566
278545009
6910897237
2219523233
6691770763
8933604059
336290760
10660691633
8665837730
6691921481
2771193237
2849498245
2392006703
4317482112
8137624014
9367591428
1812346070
4684246156
1593640601
8248245890
3353122928
135115675
9069964412
4501140729
5758321267
96837831
2633493377
9262980689
1944634552
8493307976
5734110465
9067738157
6151656160
5542402213
12045021564
36031964
7979807123
5170041546
2298245598
6947680687
10428093793
193788811
5502974018
1593577773
3769149129
8155220516
4769080240
5669723349
2366407579
6691761453
2614112752
7191690694
10658246995
290351948
1831927179
4881426911
2598292317
10633226065
9282545690
4257660145
1039576012
8838667969
8653288843
2698097007
2542064007
3434622443
2457746116
2202470452
471121914
5554064683
4021813422
5962862982
9372973814
9282566668
3664958429
9838948093
9554397299
8116493817
8654373732
3863676858
5637183904
2486786062
12473400545
3457810590
9265833236
3456993895
4050391020
2392001617
2350206473
608551732
222210641
4268082663
31802280
2349256820
820603106
5559133780
318615210
3761151888
6799483464
2313913101
3435262790
2831778296
10796199376
5962311985
5170039958
3238096212
2356263285
5269513586
8556155103
2691021202
453107383
4685637434
5440913032
2599123036
4720907573
3996164462
6151655764
3897478187
5542986770
8492197487
509939988
5169443129
8027033562
1808089009
1811502361
7698222
8581051105
4264134948
4501149417
2202467548
3398261716
3985823224
2914167342
4012849131
6896216106
4459176836
347111281
8047223406
6494694223
10796250165
2115455536
2453301127
5091231717
3794894685
5835243068
4104107996
3951504485
1811503757
453107235
7770588684
8452074061
1811503423
2920018703
8156420212
7191430992
6262100823
6491462245
6896217282
3118035379
6891541568
2479739062
3397551299
10041290516
5440914078
7116897329
8002086484
9844211954
8004818726
11732230455
8004818628
4830650731
31921946
4979123403
3398354030
4824898368
2612111118
4721557946
7259485734
8047222928
5062938405
8047217441
285689770
7568489686
8654402912
4050390564
9285925416
11401200993
8581050753
3145634372
7756471602
10452213445
9423422278
4264128286
10427928396
453107137
2873158508
6491467273
4760828391
278544757
7568471004
8653272913
6031023591
96838970
8558989306
2698106073
2399262243
8664737051
4685642932
2058811887
5962943290
2392820298
8810440157
2213953177
2902651005
4882036306
945294245
2599308690
3193676809
7970026090
2685907715
369447268
3677692912
2681336999
9067744841
99211695
135115501
348579551
1491113882
5290299717
3193681281
2298252544
4678737106
8999745213
7979791238
70503492
4500886454
5175913491
6932954160
8768546535
4707775922
7381729876
8492167659
7708307496
3581135722
5569353718
4106628270
5170040376
6691921147
820567200
3764980144
5559130836
4441652936
72866324
7473828404
6910962599
288051306
7189671892
243223453
70503523
8654391386
6492323329
7568484956
2824302459
2463774021
6691758473
2447456907
2311441991
6754834695
5057320116
6151108479
5758373707
2696317926
9546732080
2202466998
6339770591
7906709924
3976561568
243223344
200239613
7189767826
5976286732
8155205218
5024973996
3952607184
3469486063
8642247809
2599306614
4194071651
6624594987
4216543999
7855909930
4459178306
9538774254
6931847832
6932951300
3980922146
8220421212
318616691
7191368356
3877349119
2778343217
2460991973
6911164987
5230231168
7721568510
5269719795
1806449883
903790604
2899117016
3567985611
6420090365
4644064553
544696551
8482122842
355399445
8438064102
4264133268
141676685
4050390666
9420640985
8653303931
5394091593
7817009124
7770596078
3197206887
3568140825
8219345625
4458397675
88494209
7037637227
5135428564
7931033728
4989336690
5096911126
8877807358
2690015153
4106628128
480418904
302435189
2614359260
5217784116
9535935853
318615485
4027641657
4078726116
2828701829
135114844
5440309453
5099670993
3434794279
8047212151
3247826633
4005717530
4258415044
3834636971
5270756929
138909924
2602690034
2676127513
4012848937
9423398520
9263078701
8047221032
9538710516
4500912784
7979801351
2423863366
501744912
176088141
1426506491
453089632
4308661997
1428699474
158849802
7473349148
2907069437
158849998
3161250951
9364823227
2213093218
7799190456
7959545774
8653306711
4720906067
9367758822
7931053644
2253322020
6739484983
5229788340
5290827378
5834738509
1695595226
8155198192
3740006657
7190120126
6908787505
8155196702
7116897631
6179135732
8302531376
3337175001
9069976672
5542406583
8557264584
8556157009
4871464946
288044415
2873157332
8051589827
4104104324
6925748381
1642761792
4459175892
2850329510
2676130413
5214135368
2850329796
278547706
3769922282
4772454398
4012849233
7191423430
5593396850
4598224965
10452429093
5300824199
38389924
9844222264
2464598498
112242497
318616047
7473343860
8004818924
2412488564
4644683392
4439026192
7959562516
7294736894
9069963392
7294754056
471121004
3434911449
5134734728
5129198945
7796611978
8415565267
2356265081
2783321037
4472189916
330079508
9527576532
453106963
4438252285
9567241713
4316736733
3769398061
3230062853
3769414581
3770210866
3769399435
7959560158
3739365059
12496722755
4764577911
12497291294
5187687664
3805261350
2219523735
8768539223
7011359121
4382798484
5992435138
8186830697
4458397575
5096280907
2620008187
6492339963
8155210366
5394098311
4402903800
7195561558
6891540298
2433680752
1427375124
5312566166
52052591
4251521178
626422679
5985080896
3581099408
6891541374
3185726020
1426527283
10659456165
10660106983
11751433254
158867236
3825152325
6801572484
6947680829
10452246926
2730470544
7191340074
487253534
8557266548
8219343527
99211827
2697958859
4498877138
3036035670
3668283098
112244853
4960711316
8821028134
3769392241
8267403622
6947680077
2613546193
2115456364
3184882031
4005254266
2549597842
1442822407
7978950805
7568463658
3416539692
5440915396
4846893179
3691776525
3294903108
9420661179
8137623674
7906710108
2411552913
471882301
4316746457
4316681859
7423569506
8773336198
1490268307
4050390886
4501765022
2599310734
5062937495
6880115593
4989345320
9857695785
7284042448
99211351
405023985
4737782855
9364829033
3794899663
2729490129
23059365
1426492965
7698257
9535909325
282304862
3308441962
11401010844
6479941871
3393037264
8991938569
416345707
6262631762
4005242376
7354538864
7959553302
3717673599
348579541
8642245897
4268081991
4424697607
4425466928
3764980292
9282586236
5290887022
2620004935
7468170452
1427356636
5269720571
2849498351
4909428001
3456991395
4792290086
9857704455
2682134060
8416673870
2682134056
471140386
8717210517
5568769795
3770718872
2682966081
4106630092
5618324404
6479935103
5229794430
5758375405
6179114396
3393038960
4500254889
4441655880
59041129
8265457585
6916944785
6624571617
1811502245
8877217453
2902685959
7284040528
2391991895
4423591761
9423407180
4899568237
3710731224
2114676403
5937151975
7473817902
5109590703
5135329324
10660483606
8219342345
282328625
3883509580
2298256116
318614132
4598846818
7756472964
5991877113
509939994
3470954391
820107161
2166654104
6151581182
2620013573
2903530486
138909372
11401005065
8752005833
1427733463
2908480738
12394879335
1674815731
2951061755
9175139134
2784176470
2549558326
5950736297
533818818
7473339568
9004173270
4988737127
2220309998
3769113313
2479686758
3413187501
8688502535
4528166814
2313903839
6254874888
3118873464
4685007819
88493858
3255539607
6739484063
5554065539
72865178
2486786290
3770755143
3198048964
4263277693
369448297
4105862885
408681016
5758916622
8839321734
9067745863
2682134074
5758925432
2298251460
2850330306
5542406929
3173783158
88493754
2988769926
5099679869
2478874181
4424707439
88494711
4438563559
8155015011
4425470286
6151108623
2212302177
5200000437
4500284439
3980170413
8557891475
9857533935
5270759359
2814999674
5783150300
1428614380
5042415222
5062939109
8993141420
4104110954
3980930572
38397358
9857738994
5658458626
4760829137
2729663827
8558986902
3885632236
3830392970
9568122402
3456989705
2730473700
3309785881
3118036539
7037633887
8492075597
5992432566
2710777669
7473784730
3184881083
416352200
10041384303
12542194
4027655541
4057508622
3493362646
2532526207
10428164733
5962374839
96841629
480420136
4027647005
298037362
2479738318
4771817899
5618322370
50729167
8045916765
6092892474
6705245497
4854720307
2987910083
1684589201
2530728110
8685319514
7294651912
3632560595
6479985501
4989332512
2974660580
70503668
11401095044
2349259180
3294094001
6083989689
7468162164
3413122673
2314716412
88493630
1148678179
512080155
3238944669
2220312166
4531625489
2056098764
4317497880
8027049091
3886456298
7259492194
1944634590
8773346090
7189681078
2598486281
5096961666
4295953433
3306546275
7796614794
8755383884
2131413503
9857662016
5551057040
3162095060
4050390500
3769911112
1617315903
8297435663
8523169277
7179795872
3019555725
7468144868
103574519
3433122096
5542405595
3294079777
9339919890
2780638617
5962309865
5502380097
5143863609
6739501411
1427731029
4764582109
9558757600
9423397566
6178587701
4707151545
4764581227
3779301158
12045478526
946558196
3568155965
7796609008
4500281027
6891542100
5236664668
2356141678
6691919207
608566846
2676127989
2676945414
5236087833
4106629912
4805375885
298037756
4501142371
7008052793
12283189364
9535948987
5884122323
9423415856
8016526044
3740142670
9420634137
6911130395
512080161
6256799042
9637083034
8725883532
487258854
7116897827
2732237239
2983759898
9000932620
6825563755
5962382547
2778909422
5073935679
2695689161
3908173658
3179502664
7259493268
2825137090
4824282401
1693646001
2998912711
5951203404
2772039126
135115202
9620901280
2634254018
5417372727
2634252594
199555553
8384434722
10045898593
347112583
290360091
3398303642
112244038
8688472757
4458401195
5631279819
2356281548
8664737277
4296700092
5554065737
2682970641
3410032345
9363910295
8664737311
5547438701
9250905871
480420496
336299144
5187089159
298036660
2598708251
4004643769
7847017438
8617967439
4960126389
4501152483
2683806696
5012626500
3951800783
3952579860
1429326778
2166638306
5984516769
3433128840
6479939945
461597998
6947680431
6947680571
369445762
3657298650
3775516933
2356355806
1799241762
6232867321
3569202366
3770006391
259719624
5950655857
4349133882
543179799
2344153405
8524290820
7191769184
6193253161
3410872336
285689135
40221751
4424710395
6947681083
6915332073
3762679143
2356257081
7181452741
4685000423
6084535990
3900060466
99211868
8297428311
9620901074
5987181708
5962310647
10920918066
9844193504
3416580960
3568580402
8155188753
481415219
3161267785
8044742687
251982623
6084535020
4317472438
5625771160
3687286761
2620005857
4650844346
540057601
5625167345
7344780180
3171484234
3294122373
4528159154
1523263873
3581102998
9838958763
5083480634
6880115857
88494321
2366418145
7014634471
9423410798
7193434624
5269511496
10660062233
8140793741
11516315035
3043544536
8815055184
3396194692
6915332873
8524286150
2313905107
8020755507
4472434082
3492551277
6739488965
3769106675
8557881025
11232384465
4027619725
260611919
2987909677
2477058053
3762699767
2898278335
3638264271
9339935222
6030248964
3567700775
4263279545
3170653137
8768527097
3885661491
7116897741
2392010919
8839266480
4528010413
2262891548
1675673802
8581050477
4854733283
627293626
6739491561
9617659901
3493366538
3492543387
4500925666
5625768712
5984534228
5976289312
2214646871
5199668591
7568507416
3070534991
4518837939
307617931
2779716348
8558988832
3900059744
9847064833
282317537
8838729545
296662143
84532530
8104365500
1832541240
9282567320
2450161544
7181455243
8247174835
6479931561
4527531321
6779631882
8557862523
8266176663
2772038328
3170653823
2849497777
7366682518
9186318896
308612973
5758370319
6151593886
6970821004
3885665281
4049644957
135116398
3185723606
4738416450
4772076337
2356319876
4106630562
5501223774
4765202794
2614372366
8027063770
5100256572
176088623
3893218482
7814794598
2155423363
4683693853
2902585749
1185018782
4105863265
2850330508
5020368815
7931068000
50742900
10045737995
6274407641
9555654399
2925208666
5290826488
5187687918
4711355963
6248175984
2220312598
3145645062
6274408823
6912342821
6254346601
2850330452
3691825461
10658342883
5497969214
185127832
4002501619
8773280344
138908525
7867390202
5270758023
3966587496
6798572025
946553486
5229497385
5755073467
2486785846
3794908039
3493364756
40221721
7748966124
4441653048
6254345717
3568617568
2837147288
9844520683
2298253588
2298250890
2298243482
2698922556
5062372272
6705226949
4685641418
328997207
24333537
8220419576
7193009490
9570078036
3885640148
285689616
2972886817
8228431368
8104370382
2351815411
11285271
2419777
8810436711
3769384363
3903127652
2903526246
4791735809
8654383558
5975724871
2355333615
487275790
2881963256
2463748497
5394682068
4804572913
946619662
5057822901
336303595
2212304635
3099698932
6491460601
193788469
4805378823
4805378823_1
3862839903
5134728523
8372943371
5236672840
3779858283
4707775920
8247193673
2524759686
3118872018
455623079
4225595785
2357618602
4707179957
457718082
8266333697
8755451638
9337128659
5170042850
7770580134
6891536334
8220414854
5834650619
8027054454
5542407583
4745749035
7568503350
2183317649
2703127043
3493370342
487283735
4104103096
40221740
9420660041
3413194079
31800148
3397500309
3185723928
2183311503
2733069084
7032411113
2212300301
2234610680
3769378067
2999751672
88494449
1427361820
416352213
6318555208
2367293672
2828701151
8877200925
7037631309
2729310629
4527723097
11820125643
5285625445
7195592888
3799085111
3101030298
5012629886
3392225125
10686686044
2114667495
2463754369
8266304841
8263978315
4633045671
103571386
2893265162
3778484761
7639986630
608555652
7381945686
4847508172
193791308
5497378599
4471397099
5250705062
416345703
5256492464
4960727764
8365018368
9524730919
2219519157
10530998866
1674817147
2356247780
5986622045
2778867583
9694026479
3884844845
7116896455
158850235
7959565666
8108861827
1720254795
872985950
3825200937
2344153281
4650951362
2690160919
8642245515
8665837752
2433675624
5998990995
138908177
4090707851
5962926542
5962378219
1674810741
2523921999
1594456014
5408453349
2578089040
626407669
6945497214
1832545692
38398055
3980167079
3118047559
457721934
176087779
4707839004
471882305
9556030917
8684204191
112243575
3308185446
4104101152
7102031927
6828724543
4166180925
2517318209
5012620118
3170659495
3600714270
3638251767
9423395702
6669394175
7462124956
8266301691
3145656440
9838954383
6193262281
5199669679
4439035736
9069968528
6705167201
2351628249
5554066051
5236687054
7708307258
176088060
3638276555
2872339127
9687286391
5998982367
40217553
2849497539
501746749
112244042
4231361586
5999532820
5187088803
378899722
223803380
3568387187
7284044240
3722582278
3569205874
8266539620
8140825662
7979783298
4791792711
3145659140
10498114484
2220310654
3718482162
11702190835
1832538318
2463789333
4268825250
7181455723
9555665573
6279982412
8581050831
480432781
5170041286
6828141596
562314127
457722692
88494800
167199643
5497964096
4528181226
3885662543
9282584782
461593568
6254390703
4573468857
10660546806
5550458351
2461005897
9282579316
4531677203
103572526
112244446
2951910186
3439828449
5099625465
1490273857
4764567753
7959543024
3793501173
5962940222
4317474802
2877997361
5683037151
5290826802
369448727
2613272151
3692619372
2433677360
5872020703
9016320678
3098866733
8582152100
4646924937
3170660905
6669395371
2155435775
2849497641
3179505860
11370126356
2784052177
3753299310
10452862095
296041301
10659977343
3862885865
4848907167
5984516153
7159573297
2477062839
5991877349
9620897724
4286173391
2219515207
8155222822
8581050367
2313904509
8933609163
2738576267
5965483157
4881425491
5497694809
6151087439
2183306153
8482141718
3457810042
5677129582
2433676300
8415571739
8155178515
3396193652
2849498731
5568753869
4824903132
318617097
5061762551
8247199327
5315469321
5652448759
4646920935
4500899156
4831261338
1434412981
5642396911
10427997426
5999524850
2411563411
4882028904
4106629618
3312411015
3568120787
4806008340
5950693927
4849524912
6911118857
7708309292
3313230114
289640683
2297463887
2310970540
9558142764
8045928630
141676823
2314715700
2198568402
40221707
8523165211
336291419
285686822
9633843707
59041104
5655937322
4982450323
8044756406
6223889433
4028383788
7473823296
1832534872
84522771
2698926334
64196584
4574103872
5497974242
5782587421
223913777
8384434278
5052651566
3200096481
5096874748
2682134070
72970829
6262107581
7770578464
5099651367
447173845
9570085070
6279979662
5143871189
3312415455
4104106640
4983055224
6459896823
7473833772
7193299138
5542401407
5551039522
3834625773
9570081662
2423864888
2457745660
1426473017
6223885703
9690528714
84441153
9529796512
11285208
1185030120
185127710
3769914248
5715363318
2967134339
4760966330
2806871738
38385288
2828702301
4479258406
199555622
3291755114
2706918184
3443002977
10567142394
2524738124
2698929624
8126225799
336301199
2355385499
7770583962
9504113415
3570653642
5951264886
158866615
2902582615
6491463861
3255623987
9420625927
5454163697
6460231807
5172184052
3717669919
2829754583
5269511646
11429070336
3568564146
2479688606
5268904525
2411676021
6445111245
3294091857
3980165849
3492543897
4472299636
2277357422
6223862541
4312639443
12394503023
5144470020
2523921613
2523908185
6700314595
10633459373
4317425172
6911003027
8027043676
88494850
2356259091
2183308589
9617660115
3829736243
10660461066
6911141373
5214154140
8978419236
5143874639
10633240256
3492549941
2903521994
2482789731
2681568311
9016330414
4640696042
9620896664
3899277945
4318799700
1465972308
2690111475
103569702
3170652501
8297090079
2183292799
4501760852
6494669993
6279975618
11429040214
5290829838
10041229826
2615604743
8581050273
10041267194
4313371366
3668233676
3144821887
4822519631
2486817094
5554650428
2784053119
2517655296
7847027582
2961653657
4771817295
39767184
2432861455
7189687334
2696161100
10497546425
3898269458
5538907257
477046843
6933001888
6700331305
2729652741
719874647
3770988666
3145646292
6594604575
4219797403
8027052874
5073934301
8383349441
2771194339
7344780326
2849498069
8524269108
471850273
9555642369
8384431086
8267235708
3825156933
5327197291
11702609283
9838887075
4528155676
4423585993
5083477916
2747941419
8383350775
8558978104
3863661214
7116897881
6183093216
6880119369
9364836621
2492113392
6254920002
2131411135
3677694004
9067746215
2524771260
5554650356
6279452697
158850431
4005237996
199555651
6624622199
4017744304
7305206072
5187088529
11494578336
9364970339
3980928580
7305207350
480419820
8434377050
4501762660
4016947621
7189732106
3755043132
6754878301
4312636941
7770632698
2877997839
2411640183
6955807024
4313369118
2486051251
8582151772
2479739604
1594488068
3100190139
3859608467
1594470000
7294699834
2706917478
3098876333
10754059703
5500622679
5082881231
5962384311
7159572863
289611395
8027050465
4702099004
4573468731
50729266
2464615440
4702756294
7783926064
2732239407
4402266760
1491134412
1675787466
7770597426
4438562389
6943820680
2463764943
11367884653
10659584605
4574103934
3162100804
10660075083
6279464277
10659964794
4702121243
4004481791
7708307888
5290225123
2706097051
3230063703
59041114
4646924081
3412640408
8877220281
38387743
6460234631
4501770658
8051588620
4760975624
7468153900
4573469157
3834659141
4012214606
5052033973
8155173557
4760427447
8524288580
5497383891
822307824
7708308682
6193771892
5099634667
2633428697
5637317620
8027044882
4120530463
3834628843
7116896577
5715960076
6739503599
8432750536
872138825
12282925203
4930867307
5214135976
10452102556
9203107857
2967134503
2706100063
7931021112
4120530597
1831692999
821431257
2262894346
3102381947
2464609084
5542402953
3435522620
12393141465
2962509486
1831719961
3810086228
5083481624
1831925575
7814649204
596702046
2790093210
4760025011
5377711073
176088507
5986622005
542075748
11349002284
6031579308
6393476483
2698116869
8653297845
4983139760
6460226643
10658289816
2878832464
8877218909
8419938111
3178668469
3691805243
9838973373
3935226068
47167869
7748954478
5214455310
5096294117
5999531210
3353112066
7949006720
5620652441
8524295618
3179508884
4982534889
2951965474
5501212372
3779308462
2115453076
4960131477
112244448
3795731758
3216505410
99211516
6917829585
5144463646
416354018
5038779088
3443806016
3570671126
5100230736
4459180662
1812348642
3035203913
4105861783
195133578
3161264431
3019561247
5229813036
9838968313
2633421419
3980925432
3952588018
7201340360
4004310229
8639532518
2536030014
5056614025
2482786763
4501768222
3298078412
10633216604
185128089
2598278457
2736291534
6739494085
10795242033
4791772681
11751246553
7770591610
5290225999
4312634071
4983147950
3720123843
4734227438
8768427721
7708308322
3435154794
11703108464
4106628892
6224403728
2681345861
5569321452
103561230
4764573589
1593638721
4733364893
9554758187
40221657
6880111823
347112521
8773245552
3145632876
513594929
7959548330
40221670
5100277306
10796422683
5143878417
6274412785
2277346734
11932875205
185127930
8155184983
2460992107
8664737393
5636614113
7640050602
2276565433
4737915233
11429175363
6226110353
9568121914
5229197365
8220413134
8671077420
6231951817
1832755256
2523944107
7946872296
4004620403
4049645675
3980168507
7931031804
5378309608
59041138
4806013012
4771812127
7867583610
2733053522
4988734979
46262143
5098166243
4201106385
4028376822
7708306180
4027657471
4761104584
3567829989
5099658661
2483578418
3863653990
2482775717
158866424
7708308862
3020386076
5536324142
4027659893
32118529
5011631731
4574103166
7089883505
2706917288
3581134014
2523949851
3100192297
5144479708
348579546
3107221768
223803340
9857729596
10661400056
626423947
3764183351
5336691683
3185723398
2616426152
6866667448
40217554
5625749044
2903524322
5143884079
5440912328
1491136894
4028372658
2630630766
3435446916
3178666113
4849535064
5109420685
2776237149
2878831654
3170777731
50729190
2976179619
10497728943
461817428
4439035296
8051576810
7770594962
2517322077
5170038692
3198731514
70503722
3769402409
3718483390
7774639336
481414417
6970820956
3568608944
8185759807
4678489817
4050389952
4760827501
2706917798
5169439747
471140587
4573468447
135426732
5683046217
298036269
2412473818
3285844504
2961655365
3769232449
4426886553
8267379220
5636639517
5992431508
4438249053
4472153392
4647546830
4871468744
3184875263
8634838736
290356084
5143874031
4077970907
4207511469
4765208242
8051597472
2483644362
6492356293
3422896185
6494678493
9205890218
1523281215
38392491
7572877164
10498230185
4647554416
5573048197
10753757385
2115458866
2598262689
290355495
2532657933
9633861447
2879419816
4983144006
5213540379
2482779969
7201326520
347112853
6705243765
3443824338
4734076758
7959555350
9633836943
2922761252
394174579
3492547439
2775772349
3978328679
7748955224
5618071677
6031023157
3185715876
5952559966
9637076308
7572912284
4501138433
3944435023
8558975538
308613046
9172660148
8338123973
6274417245
2450162628
7977555967
945742711
6492367617
3162088564
2549540656
2482817075
38394496
5962915384
141676584
3397457265
308613076
7770596642
3170655067
2483652182
2629822093
3170658801
7708308512
8560183049
9637077268
2697962213
416352193
9633831591
3764183447
5056736599
2483597646
8725883340
2908373128
8247181063
7959550662
5082873721
5012252114
2412397896
2205033827
4050389654
4028380134
2313909335
8248260144
2313910111
4050389806
5128340310
8248244294
4225603749
5339502360
8415498417
6045501062
4772449560
3101027112
2464582312
7959540724
10754359856
336289276
9339929824
7748966996
2559567578
288842723
5550450641
4049643997
4848910083
4737784423
4960717696
5962924078
3629357957
3951806833
64849571
4386645618
2829752767
10753860484
626425111
4532292088
8051561876
2257547988
9029666834
8557857521
6254887206
5454244535
6254393263
5500626763
5377709513
2614355710
4438250977
471141027
4511272595
2798598488
8664734855
3770029302
521677044
59041393
2676945944
3900059626
3042705721
4761096114
2524735294
4805997452
4805997452_1
2961652711
2776625212
3945219566
2355546016
3985836358
2533476776
471121204
9570091184
9172653230
3185714822
11497543
3688101934
6930840176
9205890648
11750946615
5378309948
9254685133
5290298993
5618072605
6226636338
7770591064
5377709859
2777095216
902952215
2464599776
2874444931
318613478
3071372614
5501213672
2517353423
2676129389
11349015604
5952562236
5454973641
10452846246
4196545078
2523932903
318616892
7708307688
5285625961
9857741145
4882031876
4049644769
4050389546
4450560163
185127601
88494643
2277345318
3760335435
3493368992
3161262849
6754866751
4049644885
3980162135
3769396501
5992208941
2463791517
31732960
2902584245
8558976032
3456991825
1832539790
185127397
4027625475
9857793423
223803556
5187088597
4848917555
285688613
4849536680
2620832738
9203105571
5653016770
2676130961
11497540
3029355311
3770217950
4913332740
3774565464
8523171501
2486816798
7195597596
336293496
5568778045
4225600815
88494678
318613804
3937929027
3162092872
1832542742
9524802541
4849533980
2962495956
8556157095
5143870187
2630640404
298035843
2674622586
2614369444
185127889
2313912667
2614342944
6250108839
3980160281
2523930235
3827225565
5312004291
3171487000
4711355871
3106389173
2486927047
3492544847
4797516958
3170658109
4870860687
6917829763
31737040
4078431597
1427321614
5144478508
6226637594
4760014329
3102384681
3170657309
2460989151
4647554676
3770205488
4848922425
11751437724
7473334684
872988816
103569212
3103218274
3985870074
4208275282
10498077193
56886907
7286541026
6829090674
2629823425
8219336145
3161252379
302435192
627282812
4647541768
6151088587
6479933111
3106390483
11751052205
3456992275
2599500042
2872337795
3985111577
2772041130
3985102209
431812948
5500621361
3410022211
4827691370
185127557
11751275653
290352789
521704275
2306455338
3185725074
11751467524
2357088640
8155174797
627277774
2599531978
3184874163
185128133
3184871233
6739489903
1306848216
7473789642
2524751584
4106628746
2305645837
5501209432
627281860
7201321608
8027047673
2771193867
4581440783
3171494954
8045929798
6226638274
6224400416
2614387646
185127488
4249908221
4581439243
3106388273
3161260655
2516163434
3102382209
1306844642
5339501822
3106390173
6226625324
4685008485
3184878905
318612671
2524765658
2209829725
9857780413
3433129064
2962497360
8708327018
5618079633
3100190697
3171488340
3161256443
6226116211
5569346152
3161268787
3102382427
2177842235
4194763014
3197885473
2114679055
6868439308
416352209
5569397204
2718956990
3185725590
5568803497
10497788255
4532265568
185127750
6151033327
223803241
6460233761
3944717785
3658453284
5828791279
5828791811
5828792027
5828792309
5828792819
5828793781
5828793889
5829340030
5829340236
5829340624
5829341000
5829341704
5829341838
5829342256
5285625683
5497366735
####
