Cluster 1
1674808621
1674819681
1675682028
1675788826
1675790948
1832544374
2058917961
2059702220
2059702588
223803687
223803781
2526804633
2607614226
2682134054
2682134066
278546113
278548028
278548241
278548346
2872334059
2872336521
2873164682
3082007635
3379261271
3379263383
3379489423
3379490419
3379491345
3718480452
3839702658
408681016
424211156
4252617618
5164486340
5193321637
5446933791
5773527861
5776754665
5776755867
5777298390
5777309412
6865245266
7011360169
9333818080
96841974
99211416
99211619
11232657803
1900855676
2188644187
2510454848
2630639272
2630673146
2924458921
330062705
330084330
330088907
330089170
330096935
339911248
3739394657
3739398765
3740182754
3794900025
3794909783
3795729358
4054063642
4733448733
4733463223
518891917
5542846707
5543467632
5543481032
5566463504
6031023157
6031023315
6031023591
6031023979
6031024591
6031024805
6031579308
6031579662
6031580490
6031580638
6582496711
6896145452
6896175006
7042236887
7042298535
7042303071
7042306417
7305211204
8228431368
8330799519
8330800385
8330831681
8331856100
8331856290
8331858266
8619071672
8649140544
8712618991
10452119926
10452124654
10452143954
10452220454
11702490555
11702694703
11702707043
11702793714
11702889924
11702937624
11703256956
2412427350
2412442476
2532642343
2533334430
2620006557
2620011333
2620834840
2620835490
2689904793
2690031153
2690113223
2690224919
2706918334
2706918472
290356784
4685004355
4685006987
4685634504
4685636170
4685637434
4771813289
4771813577
4771816811
4772452248
5290319715
5290322539
6828739337
6828774105
6828781685
6828790001
6828798241
6828807053
6828814379
7867470286
7867545190
7931029930
7931056058
7931058042
7931061930
7931074024
7931076060
8297364063
8297422693
8298434572
9420637451
9420661179
9423410798
1427900367
1427900533
1428779914
218441561
218442599
2463752189
2685906651
2686727136
2898278335
2898280373
2898308633
2899117016
2899133600
2899148700
2904231145
2904232819
2905077484
2907636079
2907637389
2907638727
3093560172
3829736243
3829737429
3829738107
3829738249
3829738763
3830532848
3830533180
3830533352
3830534392
3830534876
3830535032
3830535342
4531681633
5361686565
5361689701
6459899005
6460218519
7468162164
7468170452
7770570644
7770571480
7770589416
10795179754
10795262023
10796085566
10796199376
10796261776
2698917906
2892254997
2892256701
2892262453
2892264371
2892271777
2892273509
2893096760
2893103858
2893105540
2893107550
2893109012
2898659607
4382797890
6254880864
8137623674
8140825048
8140825662
8432860618
8664737049
8725883454
9003265551
9004444004
9262980689
9263050577
9263060779
9263073009
9263078701
9265752334
9265764178
9265771882
9265776726
9265833236
9265835016
9265839208
9265852120
9567286211
9568122402
11516298045
11517589704
11545827426
3274153293
3274973852
3274973958
3274974810
3944720925
4043632820
4103995500
4133264792
416544407
416555018
4166177287
4166930352
4230547271
4230598873
4230610163
4230615377
4263380285
4263382187
4264133268
4264139886
4455432619
4455558382
4456209756
4479259790
4498245538
4536885673
4536892651
4537525172
4547363613
4548003684
4775701170
5038155453
5038156875
5038158893
5038159283
5038159909
5038769684
5038774842
5038775178
5038775500
5038776168
5038776816
5038777282
5038777548
5051506583
5051508521
5051515825
5051519217
5051526321
5052122246
5052126248
5052130156
5052130916
5052131860
5052137906
5052147982
5052148870
5052152312
5110434517
5110465307
5110476567
5110539285
5110542687
5111011712
5111026452
5111037314
5111052798
5111072284
5111101594
5258169647
5258170019
5456049799
5456110051
5456152037
5456522918
5456565168
5456826924
6098236714
6099517676
6099517784
6100462083
6908254000
6908257720
6908261090
6908261478
6997717861
6997718055
7054350639
8020631558
8020635370
8020643417
8020669765
8020671050
8020705174
8020708961
8020721629
8020727307
8020737489
8020756310
8395113713
8395122203
8395123619
8395126701
8395130859
8395136279
8395143153
8396186516
8396193130
8396200090
8396201460
8396209438
8396212236
8992695386
8992698766
9000932620
10719728165
10719822535
10719890416
10720025863
10720074313
10720090073
10892160195
10892160725
10892161045
10892194156
10892194686
10892194976
10892195306
10892195586
10892302134
10892303164
10892303784
10892462413
10892462583
10892463543
10892463733
2262342176
2262345826
3144805879
3145628812
3145630170
3145634372
3145638910
3145640418
3298274891
3298320869
3298324199
3299088304
3299100562
3299102656
3433124884
3433126764
347111281
347111502
3821450103
3821451931
3821453739
3821454361
3821454899
3821455475
3821653979
3821654481
3821655525
3821656975
3822257786
3822259678
3822262796
4268081161
4268081991
4268082663
4268083017
4268083377
4268083769
4268085119
4268827186
4268828288
4268828872
4438567645
4438574653
4439344778
4440874523
4441652196
4441652298
501731164
501744912
501748971
501761869
501768683
501778315
5270752231
5270756929
5270763611
5270765101
5270767869
5270770709
5270773357
5271356488
5271363586
5271368462
5502374037
5502375353
5502377039
5502378543
5502380625
5502384777
5502387977
5502970794
5502974018
6931847832
6932951300
6932954160
7381707174
7381729876
7381787616
7381807380
7381815678
7381824992
7381886208
7381897318
7381916912
7381927534
8301490949
8301492165
8302542098
8513649591
8513656303
8513658387
8514759660
8514763212
8514764466
8514766368
8514767216
8514769872
8514771198
9504029461
9504044899
9504063229
9504069775
9504072991
9504098657
9504102725
9506844954
9506852738
9506873544
9506880930
9506917918
1039576012
1486670103
1516342106
1516349522
1523263873
19323760
2142285729
3516536035
471121472
471159319
4764566295
5339504474
5559130836
5559133780
5658458626
7756539448
8045916257
10045482563
10045488655
10045606263
10045632093
10045633316
10045665564
10045759763
10045795353
10045809175
12044924063
2981862012
3536116282
3629171779
3965822399
4316743975
4316751509
4317495448
4476079117
4476079181
4476079309
4476079389
4476080461
4476080501
4476855112
4476855212
4476855358
4476856270
4476856682
4476856880
4476856946
4476858062
457715096
462896945
470006382
470019825
4919012315
4934528512
5041767379
5041772573
5041872853
5042020745
5042415222
5175913491
5175915255
5176521224
5250931819
5250932835
5250933407
5251534158
5251535082
5251535492
5251535776
5251536390
5937151975
5937710790
5998975793
5999647578
8493294360
8493296918
8493324986
8877203469
8877804938
10041290516
10427928396
10428014596
10428093793
10428180233
10428221063
10445086536
10686632825
10686650375
10686683314
10686686044
10686690554
10686694456
10686860083
10686868393
11429035764
11429170003
11429175363
11494181795
11494188455
11494476485
11494476694
11494541456
11494558263
11494572763
1806437297
1806444675
1806449883
1807288870
2432862785
2433675496
2433675744
2433679204
2828701349
2828701983
2828702301
2829537930
2829538232
2829538310
2829538424
2829538628
2829538812
2829539204
2829539274
2976144
2976167
2976199
2976213
2976227
2976229
2976230
2976232
3259031037
3259032369
3259033655
3259034411
3259036071
3259067025
3259068153
3259863278
3259867328
3259869418
3259898966
3292055233
3292081585
3292095023
3292117677
3292294323
3292317977
3292900142
3292905084
3292945476
3292953130
3293118354
3293128036
3298430031
3298432953
3298433135
3298434111
3299257052
3299257220
3299260498
3299260714
3299261206
3530756445
3530758573
3530782343
3531574692
3531576730
3531736142
3770735523
3770743117
3770747503
3770770479
3770828505
3770849041
3771541084
3771568410
3771573376
3771662660
3985550
4458396589
4458397575
4458397751
4458401155
4459175892
4459176664
4459176836
4459177390
4459177970
4459178080
4459178306
50494601
50494635
50729167
50729239
50742683
50742869
50742900
5350121769
5350122301
5350122501
5350122803
5350124151
5350735036
5350736476
5350737652
5379788598
5452759540
5715385311
5715410211
5715411349
5715422061
5715442729
5715452149
5715948986
5715982488
5715994160
5716020802
6044953317
6045504436
6045505368
6045508512
6045517224
6045523048
6045526832
6045528844
6494668899
6494683873
6494684361
6494684929
6494688491
6494691793
6494694223
6494696673
6494704507
6494713897
6624553847
6624557893
6624567857
6624594987
6624614089
6624627301
6624633633
6624637155
6624639513
8556154591
8556155157
8556155563
8556155993
8557265018
8557265366
8557266074
8557266302
1043162809
121465108
121717601
121717602
121717603
126338879
1463310259
1464170518
1469173249
2155426433
2310975000
2836674932
3411837455
3769149129
3825161603
3825228367
3893218482
399609903
399609906
4184448882
4646931035
4647533964
4647546444
4680179205
4680810380
5090713061
5091309912
5091310402
52051542
5475279928
7366683922
7568484956
7568496402
7568498476
9161873374
10482519424
10482935065
10490159076
10523798314
10559720545
11367666426
11367698445
11367716826
11367731175
11367738404
11367749426
11367760666
11367788084
11367797404
11367807584
2312989469
2312991971
2313009581
2313010863
2313044423
2313044951
2313793778
2313794286
2313794806
2313806826
2313807296
2313814382
2313824004
2529883965
2529908955
2530700122
2530722110
2530728110
2906571999
2906578189
2907068295
3470959207
3470961005
3470967057
3470983121
3470984953
3471778308
3471781758
3471783700
3471789724
3471793832
368382247
3769974753
3770063713
3770706544
3770815688
3843274923
3843296395
3843307163
3844070684
3844086536
3844097096
3844099134
3844103166
3934445785
3935233154
3944714517
3944717189
3944725421
3944780599
3945498430
3945505712
3945509304
3945512630
40220515
40220519
40220520
40220521
40220522
40220523
40222616
40222617
40222618
40222619
40222620
40222623
4286177739
4286182811
477042293
477044465
477345920
477363715
477366829
477367927
477372419
477373393
5336468641
5336492721
5336576895
5336603721
5336657907
5336700087
5336709067
5337200320
5337331686
5340248760
6915332205
6915332487
8634837968
8717209265
8717210517
8718320116
1079804377
11401073634
11401079976
11401098864
1763664011
1763673039
1764485396
243219574
243222439
3485941445
3485942395
3485949813
3485976381
3485985187
3486001485
3486757968
3486762700
3486775468
3486785310
3486788246
3486795312
3486797886
3486806664
3677642648
382180874
4678405209
4678489785
4678737084
4678737106
4678737118
4678891154
4814629597
4814631825
4814634085
4814750197
4814762565
4815249870
4815260460
4815262450
4815285674
4815287512
4815293126
4815295122
4815297254
4815387988
4815390600
5734111885
5734661194
5737198833
5737199547
5737200773
5737202051
5737747778
5737749272
5737751012
5737752190
6754820905
6754825559
6754834695
6754838873
820567200
84441168
9548126836
9548335934
11931826675
11932030623
11932887235
11933273473
11933453424
11933493993
11933848736
11941303485
11941809575
11941861445
12181469424
2277353078
2277357422
2542064007
2542064665
2559568764
2577256765
2971710476
2972869611
2972872955
2972884059
3434622443
3434856139
3862837233
4574103282
4889200657
4889822800
5062925891
5062927967
5062929955
5063541722
5063542374
5063550460
5637213132
59041129
59041159
59041289
6829082544
6829085108
6975223343
7294651912
8384439112
8481036067
8481041915
8482126630
8482129940
8482135312
8482554825
8483647830
9687293017
9687295393
9690520038
9690530576
9690531662
135041471
2298245122
2298245598
2682969195
2682972097
2682973699
2682975079
2682978077
2682980481
2682981755
2682992257
2683793930
3193674717
3193677513
3193681281
3193686949
3194517830
3194520304
3207111289
3207126857
3207142033
3207167997
3207176655
3207183887
3207215247
3207253225
3207950344
3207964026
3207995524
3208004720
3306554937
3306557491
3306560227
4287906447
4287906793
4426919197
447248234
447248378
447254085
476518583
5300406547
5300419005
6886325032
7000905666
10531062644
10957217386
1428452253
2129443949
2492112736
2549546418
2983759898
2983760000
4500879888
4636373298
4650277985
4650289561
4650294043
4650302883
4650777700
4760826277
4760829137
487637593
487638965
487643341
487649798
487658962
487666298
487688433
487692023
487693101
7982316941
8207582553
8207582957
8207583119
8207583449
8207584161
8208673982
8208674316
8239290674
8997877055
9037390000
9040630137
9159992325
9290448311
9290463533
9290473707
9290476889
9293179792
9293189132
9293191212
9293203524
9293207026
9293211842
9293215044
9293222286
9293227686
9792654495
9792661515
9792663515
9792757385
9792763474
9792770765
9792784116
9792785886
9792811116
9793508173
12281305945
12281316245
12281415823
12281473513
12281705194
12281712244
12281761964
12281863776
12281878306
12288746955
12288757945
12288777555
12288788105
169892499
169892598
169893105
169893197
169893485
169893849
169893920
169893971
169894219
169894272
169894963
176087321
176087622
2165879901
2197756325
2198535282
2198535954
2198543144
2202481442
2219711553
2349256820
2349259180
2349262408
2366407579
2366421011
2366427623
2366432827
2366439529
2366447323
2366452247
2366464007
3170784389
3170787943
3171621504
3178664767
3179502436
3238907655
3238935053
3239783180
3239785078
3239788122
3255539607
3255618721
3255625935
4063318506
4063318914
4288613239
4636247391
4636860280
4683653489
4684078516
4684103230
4684246156
4707179953
4707179979
4822517891
4823138672
4823142584
4854720307
4854723355
4854744441
4854744915
4855356012
4855359798
5392682851
5394787364
5394801336
5865973377
5865998709
5865999403
5866518700
5866528554
5866529014
5866538178
5866544574
5866549144
5866561430
8684202263
8684212773
8685319514
8686233240
8688480101
8688529819
8689639898
9027337533
9027365431
9027372941
9027397731
9027425329
9029558726
9029610152
9029663810
9029686416
1618199054
2410209145
2492169221
2492987710
2492989766
2598275817
2598287827
2598292317
2599106838
2599110112
2599123036
2706401191
2707220528
2789250531
2921930457
2921941125
2921958007
2921961809
2921968941
2922767334
2922784790
2922795314
2922816914
2922822312
2948863377
3760144251
3760201030
3760286806
3885697421
3886492202
4016826847
4016836935
4016840355
4016937777
4016939245
4017587530
4017698526
4019348496
4276880289
4276893583
4277650218
4277652254
4277653600
4471758695
4472279006
4477035103
4760053519
4760073205
4760086821
4760666686
4760680542
4804578309
4805195722
4882031282
5199667171
5282366360
5287120473
5297649933
5311984887
5312575134
5319095358
5991876581
5991877113
5992433646
7189294274
7189845902
8326527826
8933603607
8933604059
8933604303
8933608283
8933608827
8933608989
8933609163
8934218100
8934218442
8934222904
9527576532
9535909325
9538710516
10659727256
10659731604
10660045233
2634283010
289622192
296032600
296040325
3200056257
3200086243
3230912884
3230913292
3230913318
3691759055
3691779829
3691795385
3692589214
3692592608
3834636971
4633046903
4633641116
4633642584
4637020867
5229202579
5229818206
5229818440
5327193995
5327195087
5327198969
5327200249
5625766310
5636314461
5637179330
7193203806
7193434624
7259466586
7259471032
821429619
821429775
822306208
822308166
822313004
8265457585
8363944675
8363954277
8363954689
8363955303
8363963955
2131411401
2132188900
2199742801
223914037
2615740385
2615746347
2616562156
2616583918
2744424763
2765059913
2824813143
288836087
288842723
288842732
2961702363
2962504910
2962505958
2962506932
3247826633
3567985611
3638198319
3638203355
3638206801
3638251767
3638264271
3639016808
3639023392
3668229904
3668230420
3676857188
3710380793
3755384142
4075755389
4076509332
5009408424
5009412652
5398393015
5550440633
5550461819
5551030150
5551031994
5551058100
5551059284
5618082961
564171359
6880116585
6880116951
6880120867
820984990
2114669011
2115444862
2115446472
2115456508
2365850314
3118586039
3259411532
3294078901
3294122373
3294903108
3295824960
339503934
339508292
339509632
339510410
3415726561
3415764411
3415768375
3416494592
3416526574
3416529914
3416580046
3457809436
3469474601
3469476213
3469486063
348579551
3779333933
3779340635
3779346675
3780144748
3780146172
3780148818
3780152428
3780159542
3780593482
4451586904
4481578877
453107005
4711345351
4711345611
5143875473
5144480530
5568743023
5569326822
5569340632
8027014495
8104354311
8104370576
8104370914
1672513173
1685434866
1685436554
1685437786
1685439082
1685440660
1695594256
1695594662
1713912928
222135524
222138785
222166701
2350206473
2355273611
2356405382
2695578775
2695874003
2696029395
2696165073
2696206811
2696652964
2696886400
2696970268
2697000780
3029355971
3030189988
3030190418
3030190566
3030190682
3030190776
3030190894
3030568636
3030568772
3030569000
3412911223
3412912743
3412915661
3413122673
3413127243
3413187501
3413711928
4216523515
4216526269
4216543999
4219888157
4220613318
4220640906
4262437830
4262615328
4263273897
4263278691
4264023358
4264031314
4264051686
4349064496
4368005437
4386201980
480417596
480417906
480418206
480418362
480418904
480419052
480420746
5169435857
5169437163
5169442859
5170041546
5170044446
5229638235
5229638367
5229639139
5229639229
5230230282
538263047
5631278977
5631279319
5631279621
5631281679
5631861250
5631863348
5758306215
5758858754
5834620059
5834678415
5834682115
5834749503
5835284644
5835305952
608304277
608311053
608540186
608559516
6279458089
6279465865
6279981036
6279986418
6492324927
6492327911
6492329481
6492353629
6492373237
6492376689
7284026448
7284034050
7284051378
7284053334
7284055674
7284062702
741255719
741255779
750690861
8452020262
11732230455
11732272425
11732393785
11732748375
11732863965
11733012966
11733036173
11733102976
11733289864
11733493356
11733591956
11820120073
11820125643
11820603876
11820607006
12394260295
12394506145
12394604704
12394680724
12394691083
12394755404
12394813545
12394892604
2219518847
2219519157
2219521021
2219523233
2220312874
2220313474
2454740575
3804449389
3804461369
3805376786
3809239067
3809245299
3809253607
3809258995
3809264233
440820923
441446537
4720890011
4720894817
4720899343
4720907573
4721555530
4721556302
4988731805
4989336690
4989344008
5096314397
5096314487
5096315913
5096912250
5096913262
5096961666
5213996871
5213999239
5214586746
5440914078
5497682231
5497684833
5497694405
5498278912
5498283136
5498286750
5592805263
5593396850
5593397926
5593399034
5669720195
5669721997
5670288938
5670289852
5670291784
5670292258
5670294902
5670296210
5670296752
5670297892
6158664041
6158674487
6158683895
6158694333
6158816565
6159240676
6159297676
6159329428
6247665303
6247665743
6247666257
6247666671
6247672919
6248175984
6248176432
6248193324
6248193828
6602678237
7201332494
7756471602
7756471780
7756472312
7756472496
7756472742
8002084261
8002086484
8004818924
8047179310
8047217441
8047221032
8047221157
8047221324
8047222928
8047223406
8047225142
8047226158
8047226598
8810437275
8810440817
8821024424
8821025202
8821027118
2216540933
2258171683
2258183835
2903470430
6739491561
6739494919
6739502517
7191682578
7708308116
8155179911
11865124785
11865430733
11865559554
11865565484
11865978476
1428403727
1428404497
2779198886
2779203671
2781496564
3020386296
3297729299
3297734497
3298560930
3317345326
3629372925
3629408961
3629413075
3630226176
3687288705
3687294985
3688093680
3732072735
3732075215
3732119603
3732902264
3732906892
3732909164
3732911332
3732923754
3732925942
3779860105
3944414851
3944418229
4012849323
4012849691
4012849801
4012849897
4012849965
4012850063
4012850149
4012850819
4013616626
4013616730
4013618206
4439026700
5134037025
5134039337
5134074777
5134077951
5820002718
70503220
70503283
70503297
70503355
70503374
70503386
70503411
70503492
70503523
70503564
7545563186
9364856115
9364892913
9364925377
9364933303
9364940315
9364960351
9367698604
112243572
1811502245
1812346442
1812346600
1812346810
1944634552
1944634590
1954858007
1954858057
1955829430
1956115826
1956115854
2392826064
2392830330
2392833234
2392835042
2778834633
2778848263
2779698826
2779701876
3400132921
3400936956
3400937564
3400939280
4598238923
4598846818
4598859698
4745749035
5096278947
5554065147
5554065539
5554065599
5554649384
5554650108
5605009338
5801467175
5801467771
6280493848
680202635
680313683
680419277
680827502
681301346
7037631873
8263917479
9617662087
9617662393
2771191157
2771195589
2772039580
3213336488
5057268406
5057313604
5059340137
5059954072
5059955700
5059957124
5236075993
5236089799
6077356765
6077442803
6077451511
6077486331
6077850234
6077891352
6077910084
6078127064
6868482726
6868509120
6868529050
6868533838
6868578544
7014621337
7014634471
7240599800
7255517110
7822341174
9337149377
9339938192
10405932235
10423178764
2943175092
2976176423
2976178615
2976179201
2977031608
2977032484
2998910157
2998910511
2998911107
2999750460
3039742328
3118939717
3168952218
3213610937
3215991839
3249151290
3397529403
4791687247
4791704809
4792311308
4846888849
4846889025
4846891119
4846891629
4847512108
4847512208
6491470619
6700321899
6700328527
6700333445
6705245497
6947680687
7423550510
7669686422
7669688356
7669731928
7669734690
7669740696
7669743422
7669778380
7669780204
7669799210
8755387494
8755451638
8991955645
8993152272
8993176772
307617931
3172459435
3172496917
3172500399
3173167500
3173195672
3173253844
3173282152
3173336908
3388814039
3388816457
3388817135
3389625072
3389627808
3567790093
5652465827
5652466389
5653025092
5653025752
5653035956
5898734700
5965483139
5965483149
5965483157
5965597991
5965598001
5965598007
5966004664
5966004670
5966004674
5966004686
6182584791
6393466943
6393469545
6393471307
6393471475
6669391935
6669395371
7225611702
7225648752
7225654296
7225660840
7297957460
7410386728
7511109552
7572885618
7572888788
7572890686
7572893464
7782669660
7782672838
7782676008
7782712882
8756072382
903790604
9844326286
2363349001
2369443775
2369443929
2973783529
2973786433
2973792977
2973795209
2973797889
2973812827
2974629162
2974633342
2974641394
2974643492
2974658470
2974660580
2987910083
2987911441
2988768224
2988769396
3664958429
3672150750
3833620441
3834163666
3834175062
3834419104
5118492449
5118492559
5118492633
5118493907
5118494471
5119094852
5119096086
5119096654
5128353898
5128357596
5129769964
5129784432
5131462330
5711873736
5987189528
6691760823
6691761453
72974619
7639980088
7640005896
7640020774
7640036968
7640044152
7698222
7698231
7698242
7698257
7698280
7846944456
7846965770
7846972040
7847022646
8560157573
8560169897
8560179673
8561275970
8561278416
8838678591
8838743915
8839277774
8839283512
8839299322
8839312532
8839336296
8839339706
8839350484
946578990
9554791105
####
Cluster 2
1288780397
1832536520
2058915961
2518138434
278544757
278545009
278546233
278546373
278547325
278547939
282276797
2892908876
3082007427
3379488139
3380078874
3380308894
3717672447
3893583794
3893921987
4039417307
4039417311
4039417327
4039417329
4039454813
4039454903
4040194494
4040194500
4040194502
4040194506
4040194510
4040194518
5163881339
5187089053
5773417047
5872007993
5872016747
5872537194
5872539894
5872570838
5872572524
7011360791
99211319
99211370
24333403
2587362435
2616792186
2629816509
2630671840
2764399631
3173783158
3173783162
330074636
330079508
3739978971
3740146414
3770185618
3774492333
4733384559
4733390611
4734019980
5454988509
5538918645
6292210355
7134958169
7196668032
7999088401
8181777060
8330802589
8330803139
8330803351
8331858452
8331858680
8331860376
8331888438
8331889628
8643344470
8658660241
9633827175
9633828985
9633835821
9637068712
9637074880
1426502085
1427389680
1427394838
2411547713
2620833166
2620836962
4107881817
4107884203
4107885699
4107887033
4107891155
4107894189
4107900033
4108653560
4108654984
4108657666
4108661410
4771813139
4772452030
5290298147
5962845226
6828748431
6828825667
1593676427
1593702245
1594465288
218442238
2685907715
2686712866
2686714982
2898338603
2898340443
3093564182
336290206
336294636
336296758
336298478
336301787
336302378
4005389610
4015325236
4528010081
4528643488
4531527508
4532153496
4532322806
5782587421
5782598719
5782604289
5782612605
5783147384
5783161424
5783163894
5790803571
5959963547
5960505480
5960555206
8343225304
9846927264
9847007276
9847044334
10452850345
10796239426
10796287025
10796324356
10796381114
10796446424
12358019743
2898561843
3763499450
4872945123
4873565340
5134807563
5134809005
5134817803
5135420928
5377710877
6912340885
8044743915
8044745879
8044750559
8044755196
8044755598
8431308366
8665835354
9283161445
9285980834
11510584043
11516327404
11519325455
11548229355
3274152973
3274153053
3274154165
3274973326
3274973614
3274974494
3274974928
3274975038
4015978965
4025942939
4025944623
4026696776
4026698104
4043635278
4132501207
4133266622
416544501
416544721
416544763
416544843
416544904
416554452
416554563
416554672
416555267
4166172947
4166928084
4166931160
4166936124
4166938142
4166940418
4168074305
4168835572
4168837448
4168840262
4230506943
4230563925
4230574853
4230586007
4230590429
4263988782
4264127650
4264128286
4264129420
4455433635
4460285544
4478631503
4478634625
4479257570
4479258876
4479259180
4536884757
4547380971
4547995996
4548003318
5110456339
5110554397
5111088090
5258171321
5258179399
5258182991
5258779264
5258780260
5258781954
5258787944
5455973077
5455974961
5455990367
5456307371
5456601624
5456739856
5456805866
6098967815
6851594024
7054351639
8396196432
8989887343
8989902981
8989919671
8989926863
8991095498
8999745213
9000924112
10719831656
10719832864
10719836514
2261563121
2261567355
2262897838
3144840151
3298273427
3298285443
3298320531
3299113152
3299113906
3299114366
3436239581
3442998223
3443809302
347111698
347111759
347111824
347111869
347112073
3822497356
4438562165
4438562389
4438563559
4438566193
4438566597
4439339206
4439340094
4439343790
501723368
501727220
501760895
501786641
501810169
5542977674
5542983848
6931850042
6932998764
7077928479
7079069595
7079070719
7079071331
7381749666
7381878620
7381937950
8301476551
8301483193
8301489829
8301494205
8302530592
8302539206
8302540384
8513647285
8513651959
8514757824
9506849530
103568430
103568891
103570249
103573052
103574946
1889799985
2356265081
2357094424
2357095710
2829747487
2829747841
2829748803
2830587782
2830588252
31799359
31802307
415961769
471119878
471139781
4760893313
4796921059
4912712983
51548449
5338890679
5338890939
6178597091
6179095564
8045915251
10045579766
10045665523
135114980
135116101
2951069467
2951859592
2951861710
2951944040
2980998033
2981859930
3473255564
4308678217
4308743207
4308895697
4309636706
4316754111
4316759251
461601946
465191337
466220980
4761830880
4918999221
4919012305
5041829373
509940000
509940004
509940010
512080165
512080179
5175914251
5175918109
5176517974
5176518500
5176522476
5176522936
5250931111
5250933271
5251533776
5251533840
5251533966
5251535876
544579844
544583874
544700743
544706421
5951285958
8492106849
8492150179
8492166039
8492178225
8877221455
9067738777
9069973156
10445375913
10686677944
1806451331
1806459121
1806463491
1807296328
1807313938
1807316072
1807319362
2432861753
2433677046
2976176
2976181
2976218
2976220
2976228
3259863724
3259899290
3292872806
3298433747
3298433827
3298434489
3299261746
3299261820
3530529589
3530775049
3531584126
3531586644
3770755143
3770779865
3770801661
3770817415
5350123101
5350124993
5350746618
5715451325
5715461357
5715966740
6045506808
1043162867
1973118421
3580294479
3581097520
3769128287
3769135761
3769138653
3769935968
3769942572
3825197145
3825204493
3825211711
3825983374
3825993336
3826010074
3826017230
3826021908
5001745154
5153729673
5213559317
5246235280
534444862
5500624097
5500625391
6014452870
6099601258
6105742094
6375741663
6375744231
6528444885
7423393338
7568465888
99225218
10490170984
10523789076
10523803074
10536056213
10536057123
10536163974
10536426625
11367710756
2526819633
2526821247
2526822293
2529912059
2530717492
2530723970
2530726828
2783321037
2784174718
2830852009
2830891655
2830902241
2830930075
2830940393
2830957447
2831712528
2831723610
2831732456
2831734788
2831758218
2831788216
2831800840
2906589201
2907432046
308207507
3471785688
3471787882
3770028511
3770758676
3770802824
3770824426
3843301371
3843321335
3844074154
3844091610
3944424229
3944721537
3944724351
4286189159
4286914204
4286923810
4286931914
4286936488
448441805
477044873
5207029843
5207030867
5336594367
5337297744
6915332765
8633728015
8717206597
8717209603
8717210207
8717210833
8717211785
8717212077
8718331282
8718331592
8718332840
8718333100
933771314
1079772069
1079785271
1080650308
11400980065
11401032154
11401076336
11401096703
1763632205
1763635451
1763641129
1763642759
1764492226
1764496714
1764528664
243223285
2800022495
2800026713
2800027169
2800027615
2800865380
2800870138
2800870418
2800870804
2800871058
2800875062
2800875336
2800875890
296734012
296734019
296736016
296736020
296738576
296738580
296738583
296740225
296740233
299114458
3485999357
3676728263
3676729687
3676824993
3677556170
382180684
382180783
417793033
421994275
421994283
421994294
421994302
421994323
421994338
421994357
421994369
421994384
421994402
421994419
421994427
4672308602
4678405185
4678489799
4678812482
4824801346
4841285059
5734110465
5734659764
5910079335
5910089397
6754847251
6754855347
6754859387
7621473930
7621474796
7621475744
7621481940
7621483744
7621486156
7621490054
819729391
820540882
820551032
8266274967
84441115
84532558
9324318413
9324366369
9324370737
9324375591
9324388571
9324393411
9327110356
9327125986
9327173930
9327178314
948426121
948633075
948727397
949287700
949386486
949428072
949499384
949531782
9545335019
9545496881
9545539175
9548119788
9548145406
2970861385
2972886257
2973732902
3435457260
3435674982
3862885131
4889196603
4889210017
4889815742
4889904338
5058433014
5061762285
5061762551
5061770993
5061775187
5061776617
5061777521
5061778023
5061779633
5061782873
5061791373
5062372272
5062387464
5062393122
5062397858
5062400094
5062928979
5636684249
59041202
59041346
59041482
5951717016
5951719600
6943840258
7076962947
7093077551
7728439696
7767239584
7783924186
8384433912
8481036527
8482122842
8482134144
8482553941
9690527760
10195601364
10195707104
10195754275
10195795404
10195800255
10195811276
10195847363
10195882726
10195898496
10195907123
10195933195
10195966583
134073694
135038695
135039065
135044805
135045267
135051639
135051921
135395894
135403450
135403471
135405610
1442822407
1490265543
1490268307
1490271201
1490273857
1490276087
1490283217
1491113882
1491116284
1491119166
1491134412
1491136894
2297463887
2298243482
2298244566
2298246736
2298250890
2298251460
2298252544
2298253588
2298256116
2298257124
2298257598
2337424153
2337424251
2337424383
2337424477
2337424539
2337424645
2337424745
2337424793
2338258482
2338258648
2338258922
2338259044
2682990547
2683812028
2891727603
2892360546
2892570408
2892572570
3193676809
3193688729
3194524660
3197208399
3197209447
3197210759
3306554623
3306558303
3307387676
3307388490
3307389598
3311249485
3313758930
3328278403
4287904985
4287905697
4287908119
4287911247
4287911697
4288645128
4288645610
4288646080
4288647036
4288647764
4288648884
4288649304
4382420643
4383183440
4402266760
4424697607
4424707439
4424710395
4425466928
4425470286
4426886553
4427653046
446147662
446153951
446163794
446170751
447166620
447173845
447185224
447185314
447191477
447212881
447220443
447253591
476510760
476511044
476521563
476521787
476878108
5301004802
5301008932
5301009992
6886314022
6886314728
6886316262
7032409059
7032411801
7754466100
7754466396
7754466736
7754467268
7754467812
7754468296
7754470042
7754470490
7754471262
7754471800
7754472466
7754472936
7754474014
7754474506
7754475108
7948795526
7948839448
7948871370
7948888948
7948900922
7948991128
7948998970
7949006720
7949014264
7949049474
7949084638
7949093624
7949101452
7949109780
7949207892
7996643779
7996658306
7996660780
7996662243
7996662856
7996664877
7996665913
7996675007
7996680768
7996688696
7996693101
7996702146
8974607384
8974608162
11217134334
11446356953
12473411905
1427823233
1428450809
1861199892
2177984271
2177988767
2178005961
2178021481
2178789974
2178791446
2548794557
2548799221
2982903155
2982903253
2982903349
2983759370
2983760098
3160486773
3161360166
3161412996
3600715880
4500261541
4500270931
4635292975
4635293649
4635890000
4635896774
4650156771
4650317765
4650852656
4650900590
4650903186
4738035332
4760826641
4761460388
5110021878
5110023680
5110162700
5110192818
8247196215
8372890201
8372892473
8372895075
8372902693
8372909199
8372916849
8373983796
8373986714
8373991722
8374000518
9035190459
9042848062
9045137136
9045172142
12281698394
169892994
169893635
169894508
169894832
176087097
176087515
176088331
2165733023
2165736745
2165740695
2165746891
2166529822
2166530664
2166535100
2166538070
2166540244
2166542014
2166640208
2209780543
2348426989
2349257988
2366425799
3239779492
3239781062
3239781990
3410044181
3410052743
3410860242
3410866204
3940590124
4062567643
4062568003
4062568401
4062568869
4062569581
4062570069
4062572643
4063318122
4636268953
4683689501
4684078910
4684098372
4684325374
4707151559
4822521655
5866527166
5866554618
5866559996
5866561812
8688489893
9029637884
2490343911
2598267621
3162082976
3759877843
3886520566
3886523042
4017014699
4276883779
4276885251
4276887523
4276888303
4471379667
4471494795
4472422530
4472535510
5199670961
5200254472
5450278548
7195587892
296036813
3200054599
3200932110
3230062835
3230063783
3230912700
3691805243
4644064553
5327195847
5636855594
8363946603
8365014268
9254682733
1185024608
2852785492
3638999268
5022944133
5082875009
5082888891
5083485500
5398432423
5454161895
5454769656
5551028654
566300201
6880121837
7167485351
7333982016
7333982582
7352696164
8524417128
8524422014
8593746331
88494956
185128007
2535213665
3294891998
3415766329
3416544132
3457812108
4357819418
4703314180
4711345411
4711345533
4711348349
4711995426
8027012353
8104353803
8104354217
872980326
148880487
1673365514
222163079
222230805
3413998658
4217306090
4263280839
4263281867
4348313413
4349116310
480419960
480431997
5169442285
5229638835
5230231312
5631278579
5634045433
5635242532
5635243374
5834725609
608547460
608551732
6279975794
7284027740
7284046260
741255651
2181224473
3899278109
3899279153
3900060924
441445128
4989357362
5096313333
5096313677
5096314303
5096314743
539949700
539953748
539957148
539961584
539966422
540039267
540047657
540082147
5669701655
5670274044
5670279820
6158794323
6158828361
6247664891
8047210671
8047217741
8284227035
8810438217
8821026606
8821027922
2213092852
2441448298
2441448480
2456918469
2457745846
2477060887
2477871254
2477873668
2478873975
2849498613
2849498673
2902591727
2903432858
2903435370
4257658331
4257659425
4257660395
4258414762
4258414830
4258416596
4258417618
4258418616
4258419896
5160401002
626390527
626405993
627269522
6739487927
7189748072
7189752932
7189761950
7191685656
7191707200
7708306700
8557876311
8558970800
9099219295
9282555290
9838891576
11285399
11285634
11865424513
11865424963
11865430103
11865560484
11865972836
11865978146
1428410597
1428417521
1429278230
1429286906
1429294428
2729466735
2730437774
3297722685
3297737361
3298521154
3298558312
3298563892
3629404073
3629414913
3630184852
3687288073
3688100320
3732915768
3774810315
3775511193
3777250659
3777252619
3778052138
3778482949
3778500481
3779286782
3779302036
3779303606
3788328460
4438252755
4438256039
4439033482
4439035966
5134127925
5134714892
5134720980
5134734728
5819445027
5820000028
5820007838
7545558012
7545558164
7545558604
7545559118
7545559752
7545562786
7545562976
7545563786
7748960548
7748963746
193794600
193797926
195152065
2392036795
2392821786
2392835410
2778877037
3307350379
3309818987
3309898393
3310629850
3345798108
3392228585
3393040676
3397107719
3400934744
3400936016
3434567667
4598243005
4598244365
4598250239
4598255209
4598256659
4598842622
4598845104
4598848520
4746343456
4746393844
4746428890
5096279109
5096878634
5611687251
5612266992
5612267858
5612270238
6274935598
6279907527
6279910199
6279953711
6279965095
6280420766
6280492506
6280499600
6280505010
6280549492
680394297
681202774
681206440
681223248
681317936
6891537864
7037629487
7037630201
8263939731
8263945135
8265039974
8265042836
9617663181
11751129883
11751269183
11751292774
2313903253
2313907005
2313907535
2523918981
2771193533
2772036760
3185623536
3313254336
3313259918
4106629292
5059343337
5269515926
5285626787
5497362355
6910923603
6910993947
6916937341
9337152291
10423185434
10753820836
10754361846
2482764143
2482772123
2483574130
3213272217
3259219916
4847511916
5138260287
5138269497
6479967277
6479983763
8991961713
8991977797
8993146626
8993156578
8993169230
8993188812
1694496320
1698065985
1709427114
1712662249
1717395294
307617851
308604130
308612814
308612827
309043880
3388813619
347451895
347453072
3567762071
4882108722
5898162139
5898163583
5898171817
5898178647
5898183199
5898725970
5898739182
5898741904
5962728323
6182579297
6182610457
6183102058
6183109810
6183133216
6183176212
6393472425
6393480825
7532909136
7572898836
7980828412
7981954679
7983746133
7987838759
903781792
9844286406
9844312815
9844371685
9844384015
9844420835
2363348833
2461840310
2757457623
2758295412
2758295922
2758296162
2974663894
3658465587
3663137760
3664958553
3833338131
3833374243
3833981290
3834415962
3837849261
3884662103
3885456070
3885459460
3885467754
4928044682
4928049724
4928098875
4928692780
5128345548
5131462222
5987191848
5987191936
5987192110
6158543528
6691853523
6691920767
6848901676
72855295
72858342
72859222
72861323
72862115
72865178
72866324
7639992150
7640028660
7846949504
8560166315
878234910
9557333658
9558072356
####
Cluster 3
4140494070
10796281115
4025936643
4025940717
4026690998
4026692112
4026694764
4166168979
5111080962
4438568385
7381767396
4476855160
8877205941
2976189
6044975521
6494673379
11367687715
11367820773
11367841723
2313001011
3471791988
5207618276
5207619966
3207232931
3208070938
4854719231
4854719689
3030571284
4264025324
3297727311
2232146012
4746366668
7225653660
7225656268
####
Cluster 4
1674805035
1674810741
1674815731
1674817147
1675673802
1675777022
1675787466
1675789874
1831692999
1831719961
1831925575
1831927179
1832534872
1832538318
1832539790
1832541240
1832542742
1832545692
1832755256
2058915459
2058915725
2058916245
2058916965
2058917075
2059701494
2198569082
223803205
223803241
223803289
223803340
223803380
223803444
223803485
223803726
223803831
223803883
2516163434
2517318209
2517322077
2517353423
2518094240
2681336999
2681337007
2681337017
2681337025
2681345861
2681345865
2681345869
2682134056
2682134060
2682134070
2682134074
276319569
278547181
278547706
278548445
282279870
282304862
282306405
282317537
282328625
2872331799
2872337795
2872339127
2872340457
2873157332
2873158508
2873159696
2873162268
2874444931
3070534991
3071372614
3100190139
3100190697
3100192297
3101027112
3101030298
3102381947
3102382209
3102382427
3102384681
3103218274
3106388273
3106389173
3106390173
3106390483
3107221768
318612671
318612843
318613478
318613804
318614132
318614474
318615210
318615485
318615817
318616047
318616209
318616691
318616892
318617097
3296559575
3337175001
3717669919
3717673599
3718482162
3718483390
3718485998
3796287545
3883509580
3892187606
3892794411
3903127652
3937929027
398654456
40221657
40221670
40221687
40221707
40221721
40221740
40221751
40221775
40221783
4201106385
4555645157
455623079
4649244270
4818781521
513594929
5163879207
5172184052
5187088383
5187088529
5187088803
5187088935
5187089159
5187098973
5187687664
5187687918
5187688058
5187688136
5187688318
5187688576
5250102031
5250705062
5256492464
5262805006
5269719795
5269720571
5677129582
5777307730
5862117267
5871980827
5871984511
5872020703
5872537752
5872554998
5872558094
6865246244
6865246830
7011359121
7228807544
7799190456
96837831
96838970
96841629
96842062
99211351
99211505
99211516
99211656
99211695
99211785
99211827
99211868
99211924
99211987
12010718044
12115424893
167196217
167199643
167199979
2050957256
23059365
23059414
24333421
24333450
24333537
2453298559
2453298861
2453301127
2465223599
2486927047
2524337964
2629822093
2629823425
2629851239
2629854379
2630630766
2630632918
2630640404
2674622586
2744360882
2744360888
2925208666
296662143
3042705721
3043544536
3043871600
318465876
3216505410
328997207
330056915
330072686
330089856
331229065
36107502
36108839
36111109
3739344801
3739365059
3739368855
3740006657
3740142670
3740150104
3769232449
3769378067
3769384363
3769392241
3769396501
3769398061
3769399435
3769402409
3769414581
3770029302
3770033664
3770205488
3770210866
3770217950
3774468529
3775281856
3793501173
3794894685
3794899663
3794908039
3795731120
3795731758
3795731986
3795732278
3795733392
3908989117
3940916652
4310790763
4581439243
4581440783
461817428
471850273
471882301
471882305
4733364893
4733382879
4733413255
4733442349
4733513733
4734076758
4734095730
4734115476
504119953
5091231717
5315469321
5454973641
5454974895
5454982227
5455589204
5455589672
5455596748
5455601708
5538907257
5563453005
5755073467
5975724871
5975725783
5975733919
5976285938
5976286732
5976289312
5976290086
5984534228
5984541482
5989440877
5993419426
6896216106
6896217282
7008052793
729287176
7305206072
7305207350
735587018
735596824
7814649204
7814794598
7816994786
7817009124
7855909930
8112078862
8186830697
8228426468
8228431672
8330799711
8425694581
8438064102
8452074061
8576981561
8642245515
8642245897
8642247809
8643347864
8649136026
8690059626
8690060316
8693768333
8708327018
9372973814
9533699830
9633831591
9633836943
9633843707
9633861447
9633861845
9637070394
9637076308
9637077268
9637083034
9637098168
9723829589
10452102556
10452204986
10452213445
10452246926
10452269596
10452380743
10452429093
10452444083
10633216604
10633226065
10633240256
10633459373
10656743583
10658246995
10658289816
10658342883
10660461066
10660483606
10660522504
10660534024
10660546806
10660691633
10661400056
11702190835
11702609283
11702730615
11703017533
11703108464
11703433606
1426403537
1426433995
1426473017
1426492965
1426506491
1426527283
1427321614
1427356636
1427361820
1427375124
1427400906
2411552913
2411563411
2411640183
2411676021
2411682265
2411757963
2412391894
2412397896
2412473818
2412475388
2412488564
2530908841
2531726228
2532526207
2532657933
2532659689
2533475250
2533476776
2620004935
2620005857
2620008187
2620009299
2620013013
2620013573
2620832738
2620834398
2689927019
2690004771
2690010339
2690015153
2690021373
2690111475
2690160919
2690208605
2690953116
2690965424
2691021202
2706097051
2706098941
2706099055
2706099761
2706100063
2706917288
2706917478
2706917798
2706917898
2706918184
2706918582
2706918902
290346269
290349674
290351948
290352789
290354671
290355495
290355908
290356084
290360091
290360858
4027619725
4027625475
4027628555
4027641657
4027644415
4027646409
4027647005
4027655541
4027657471
4027659893
4028372658
4028376822
4028380134
4028383788
4028388706
4107895469
4107897723
4685000051
4685000423
4685001363
4685002837
4685007819
4685008485
4685633294
4685634044
4685641418
4685642932
4771811647
4771812127
4771816933
4771817295
4771817899
4772076337
4772449560
4772453986
4772454398
5290225123
5290225999
5290237269
5290298993
5290299717
5290826488
5290826802
5290827378
5290829838
5290887022
5962309865
5962310647
5962311985
5962374839
5962378219
5962382547
5962384311
5962387175
5962862982
5962915384
5962924078
5962926542
5962940222
5962943290
6828719093
6828724543
6828732537
6828756695
6828766357
6828820619
7867357776
7867390202
7867553528
7867583610
7931021112
7931025204
7931033728
7931053644
7931065948
7931068000
7931080032
8297090079
8297104113
8297428311
8297435663
8298482456
9420625927
9420634137
9420640985
9420660041
9423395702
9423397566
9423398520
9423406178
9423407180
9423409782
9423415856
9423422278
11370126356
12496565503
12496722755
12496887265
12496940295
12497053754
12497065235
12497092273
12497114985
12497128795
12497216703
12497260794
12497291294
12497320934
1593561917
1593577773
1593625299
1593637477
1593638721
1593640601
1594456014
1594470000
1594488068
1594509232
218441624
218442505
218442543
218443475
2447456907
2463745419
2463748497
2463754369
2463764943
2463774021
2463787037
2463789333
2463791517
2463793937
2464582312
2464598498
2464599776
2464609084
2464615440
2517655296
2685896883
2685907307
2685911327
2685913455
2686709276
2686716842
2686717340
2686723074
2686725548
2686728102
2718956990
2735188949
2736291534
2837147288
2908480738
3092717999
3092724249
3093557056
3093566474
3102174199
3103006230
3103007040
3103008752
336289276
336290760
336291419
336291787
336293496
336299144
336301199
3770431016
3852429547
3853243966
3859608467
4002501619
4004310229
4004481791
4004620403
4004643769
4004949705
4004951697
4005081942
4005237996
4005242376
4005254266
4005717530
4005718500
4527531321
4527723097
4528010413
4528155676
4528159154
4528166814
4528181226
4528643586
4528643888
4531616981
4531625489
4531677203
4532265568
4532292088
4622498265
4622498601
4622498763
4793714649
4830650731
4831261338
487253534
487258854
487262792
487283735
487287905
487288433
487293857
4888932586
4966794437
5200000437
5245196553
5536324142
5782584543
5783150300
5959959399
5959969353
5959997499
5959997957
5960536480
5960538920
6420090365
6420941253
6459896823
6459898557
6460226643
6460230437
6460231807
6460233431
6460233761
6460234631
7462076970
7462124956
7468144868
7468149150
7468153900
7468158268
7468167088
7468174436
7468178994
7468187606
7468192418
7468196656
7770578464
7770580134
7770583962
7770588684
7770591064
7770591610
7770594962
7770596078
7770596642
7770597426
7770632698
8116493817
8116513655
8354857679
9015146173
9015160185
9015164343
9016320678
9016330414
9846989364
9846995484
9847011926
9847029186
9847031213
9847050854
9847052326
9847064833
9847103976
10260620564
10452846246
10452862095
10470163856
10567142394
10567356683
10587186216
10794341375
10794458684
10795242033
10796250165
10796304015
10796422683
11232384465
11349002284
11349015604
11639889845
11960519616
12184632665
12393141465
12393320174
2485968757
2486048401
2486051251
2486785846
2486786062
2486786290
2486786508
2486786800
2486787268
2486787510
2486812496
2486816798
2486817094
2486822226
2486869688
2697956755
2697958859
2698097007
2698098633
2698106073
2698918792
2698919922
2698921774
2698922556
2698922918
2698926334
2698929624
2877997361
2877997839
2877998643
2878586011
2878831654
2878832464
2879419816
2881963256
2893099220
2899501674
3268957790
3582022234
3582023192
3752495827
3752499729
3752501739
3753285856
3753287978
3753299310
3762679143
3762687997
3762699767
3762707315
3763486668
3763489428
4120529315
4120530463
4120530597
4121303790
4194071651
4194763014
4194782836
4236720636
4240212610
4249908221
4267806859
4382798484
5052033973
5052651566
5052652092
5134725079
5134728523
5134812499
5134828079
5135329324
5135330366
5135399058
5135418582
5135423086
5135428564
5135430060
5377709513
5377709663
5377709859
5377710001
5377710363
5377711513
5378309608
5378309948
6250104087
6250108839
6254345717
6254346601
6254348733
6254390703
6254393263
6254874888
6254887206
6254920002
6912341307
6912341571
6912342059
6912342291
6912342569
6912342821
6917829585
6921238023
7906709924
7906710108
8044742687
8044745515
8044746271
8044746707
8044749771
8044756406
8044757470
8137624014
8247174835
8247181063
8247182899
8247189513
8247193673
8247199327
8248244294
8248245890
8248251720
8248255352
8248260144
8248263078
8415565267
8415571739
8415578439
8416673870
8432750536
8432810306
8523163827
8523165211
8523169277
8523171501
8524266698
8524269108
8524273806
8524286150
8524288580
8524290820
8524295618
8664737051
8664737149
8664737215
8664737277
8664737311
8664737393
8665837568
8665837604
8665837730
8665837752
8724766937
8725883340
8725883532
9003264913
9172653230
9172660148
9175139134
9250902835
9250905871
9262984273
9262997415
9283153097
9283200289
9285920370
9285923900
9285925416
9285930254
9285935380
9337830887
9337831103
9337931899
9546732080
9567241713
9567251651
9567267417
9570078036
9570081662
9570085070
9570089356
9570091184
11516315035
11517498204
11751332805
11751716684
11751728964
3274974384
4007551439
4015978473
4016650654
4016740594
4103999082
416554906
4166167575
4166177593
4166180925
4166941366
4168069807
4168830104
4168830976
4168833746
4230569443
4230618661
4231361586
4263379025
4263380843
4263381473
4264134948
4456203296
4478632177
4478633745
4479258406
4537520576
4805371335
4805373157
4805378035
4805378823
4805386049
4805997452
4805998074
4806004078
4806007504
4806008340
4806012538
4806013012
4806014250
5038157503
5038779088
5258168883
5456075003
5456203417
6099515968
6908256296
6908256748
6908262278
8020591964
8020643802
8020755507
8991128682
8999736643
9004171684
9004173270
10719825096
10720112543
2261541185
2261544521
2261571481
2262110969
2262114667
2262327944
2262338654
2262366628
2262891548
2262894346
3144821887
3145632876
3145645062
3145646292
3145653644
3145656440
3145659140
3145664852
3298324867
3298325581
3299113566
3433119864
3433122096
3433128840
3433129064
3439828449
3443002977
3443004797
3443806016
3443811134
3443824338
347112227
347112290
347112521
347112583
347112658
347112853
347112906
347112984
3821456895
4268084539
4268085715
4268085925
4268086067
4268825250
4438562503
4439344256
4439344466
4440874351
4440874655
4440878827
4441651944
4441652870
4441652936
4441653048
4441655880
4441656078
4441656468
4441656560
501736428
501746749
501748490
501796631
5270758023
5270759359
5271377030
5271383902
5502380097
5502383739
5502387039
5502976066
5502977112
5502977988
5542398925
5542401407
5542402213
5542402953
5542405595
5542406583
5542406929
5542407583
5542980138
5542980470
5542981212
5542986770
6931849032
6932994294
6932994858
6933001284
6933001888
7079026569
7381945686
8301475659
8301494923
8302531376
8302544538
8302546500
8513655611
8513657035
9504113415
9506816864
103560488
103561230
103569212
103569702
103571386
103572526
103573258
103573701
103574232
103574519
1306844642
1306848216
1306855842
1434412981
1523281215
1894854074
1979427420
1979433292
2132545386
2356257081
2356257745
2356258145
2356259091
2356261145
2356262181
2356263285
2356264285
2357088640
2357090456
2357091390
2357092050
2516194346
259719624
260611919
2612111118
2829747023
2829748335
2829751953
2829752767
2829754583
2830583346
2830585968
2830586752
2830587346
286430209
31732960
31735699
31737040
31757769
31758569
31800148
31802280
31802322
31829745
31921946
32118433
32118479
32118529
3291755114
355399445
355400046
36031964
36535126
3725184123
3799085111
394174579
3970789234
4021813422
405023985
4090707851
415958652
416345703
416345707
416345714
416345717
416345720
416352187
416352193
416352197
416352200
416352209
416352213
416354018
4196545078
4207511469
4208275282
4305845840
4386645618
46262143
46428204
471121004
471121204
471121914
471139704
471140386
471140587
471158657
471159613
471159765
471159885
47167869
4764567753
4764571853
4764573113
4764573589
4764577121
4764577911
4764581227
4764582109
4765202794
4765206352
4765206950
4765208242
4797516958
4797549346
4827670738
4827691370
4899568237
4913332740
5024973996
5338890009
5338890213
5338890507
5338892243
5339501822
5339502360
5362765655
5363377140
5419267708
54427339
5539659661
56886907
5773015036
5927507581
5927508381
5927509527
5927510743
5928065296
5992208941
6030248964
6083989689
6084535020
6084535990
6150926594
6150928494
6150948924
6151033327
6151087439
6151088587
6151108479
6151108623
6151581182
6151593886
6151655626
6151655764
6151656160
6151656284
6163356947
6178565409
6178567211
6178568413
6178572983
6178575875
6178578153
6178581247
6178587701
6178609453
6179107852
6179114396
6179135732
6193253161
6193262281
6193264099
6193771892
6226110353
6226116211
6226118231
6226625324
6226636338
6226637594
6226638274
6232867321
6256799042
6374585223
6445111245
6819698981
6825563755
6828141596
6983364903
7421929486
8045916765
8045917405
8045920865
8045921381
8045921887
8045924078
8045924676
8045925340
8045925810
8045926392
8045928630
8045929798
8045930304
8126225799
8156420212
8185759807
8419938111
8434377050
8505375057
8739328843
10045378096
10045737995
10045868856
10045898593
12044649575
12044979074
12045021564
12045478526
132872354
135114844
135115202
135115317
135115501
135115675
135115983
135116324
135116398
2064729793
2183279459
2183292799
2183301183
2183306153
2183308589
2183311503
2183317649
2183319977
2184089934
2184100902
2811278670
2835779103
288044415
288051306
2950994233
2951008473
2951061755
2951064223
2951102363
2951841806
2951846628
2951910186
2951917734
2951950136
2951965474
2980999601
2981858036
3114732891
3472230091
3472330055
3472449933
3473162568
3474151758
3629159169
3629163439
3629979914
3632560595
3633366466
3710731224
3897478187
3898269458
3908173658
3951789739
3951800783
3951806833
3951834477
3952579860
3952588018
3952607184
3966587496
3996164462
4251521178
4308661997
4308770173
4309410298
4309475372
4309531528
4312634071
4312636941
4312639443
4313364034
4313369118
4313371366
4316681859
4316702171
4316736733
4316746457
4317425172
4317467692
4317472438
4317474802
4317482112
4317497880
457718082
457721934
457722692
461593568
461597998
461600955
461602133
470032783
4898405013
4900990689
4904458042
4906971826
4909428001
4910005618
4912099789
4912686098
4922244491
4928814004
4930867307
5098166243
509939988
509939994
512080155
512080161
5175916261
5251534830
533818818
542075748
544696551
5655937322
5937150857
5950655857
5950661603
5950671491
5950680091
5950693927
5950736297
5950741397
5951203404
5951260060
5951264886
5951279654
5984516153
5984516769
5985080896
5998981575
5998982367
5998990995
5999518796
5999524850
5999531210
5999532820
6231951817
6798572025
8492075597
8492102621
8492110865
8492167659
8492197487
8492309101
8493307976
8493392970
8877200925
8877204767
8877216049
8877217453
8877218909
8877220281
8877224307
8877228503
8877807358
8877813508
8877830126
9067737103
9067738157
9067742495
9067744841
9067745863
9067746215
9069963392
9069964412
9069965246
9069966916
9069968528
9069976672
10041229826
10041267194
10041384303
10427997426
10428041154
10428164733
10686637655
10686675996
10686863483
10686864713
10686877993
10686882603
11429040214
11429070336
11494195405
11494570706
11494578336
1806453489
1806455411
1807291566
1807314902
2432861455
2432861631
2432862469
2433675946
2433676300
2433676472
2433677360
2433680752
2828701151
2828701829
3259037865
3259067845
3292090591
3292144501
3299261094
3530767989
3531591574
3771560958
4458397675
4458401195
4459177806
4459180662
50729151
50729190
50729250
50729266
50742712
50742725
50742923
50742944
5350133147
5350744768
5715459675
5715960076
6044948309
6045501062
6045512648
6494667935
6494669993
6494678493
6494711785
6624571617
6624577709
6624618545
6624622199
6624630103
8556154803
8556155103
8556157009
8556157095
8557264584
8557265820
8557266548
9960411914
9960426144
9960455216
11165601563
141676584
141676685
141676774
141676823
1464161634
2058811887
2155423363
2155432849
2155435775
2155438737
2156224882
2252520847
2253322020
2253323890
2310970540
2311441991
2676126339
2676126953
2676127513
2676127989
2676129389
2676129841
2676130413
2676130961
2676945414
2676945944
2677780629
2710777669
2843414085
298035843
298036269
298036660
298037362
298037756
298038233
298346556
3293930572
3298078412
3393443276
3412640408
3412641574
3580287701
3580290951
3580293337
3580295641
3581099408
3581102242
3581102998
3581134014
3581135722
3581136634
3764183351
3764183447
3764980144
3764980292
3769106675
3769113313
3769118443
3769134635
3769911112
3769914248
3769922282
3769926194
3825152325
3825966954
38385288
38386804
38387743
38388916
38389924
38391649
38392491
38394496
38396135
38397358
38398055
38399148
3975540357
3975541205
3976302614
3980160281
3980162135
3980164081
3980165849
3980167079
3980168507
3980170413
3980922146
3980924038
3980925432
3980928580
3980930572
4049643997
4049644769
4049644885
4049644957
4049645329
4049645675
4050389546
4050389654
4050389806
4050389952
4050390500
4050390564
4050390666
4050390886
4050391020
4511272595
4518837939
4519468214
4646920935
4646923867
4646924081
4646924937
4646928511
4647533390
4647541768
4647546830
4647546930
4647554316
4647554416
4647554676
4680811086
4737915233
4979123403
4979732232
5177841029
5178401138
5178440804
5178456328
5182273900
52051662
52052146
52052591
5213539481
5213540379
5213542757
5214132904
5214135368
5214135976
5214152568
5214154140
5217784116
5500617031
5500621361
5500622679
5501209432
5501212372
5501213672
5501223774
5580052759
5683037151
5683046217
5683051653
5688007309
5688012049
5688579490
5688602988
5737713848
5952559966
5952562236
596702046
6010896677
6107977467
6336162044
64196584
64197029
64198400
64849571
7181452217
7181452741
7181455243
7181455723
7315677238
7321201938
7366679462
7366682518
7423391816
7568463658
7568468096
7568471004
7568474482
7568477022
7568480222
7568487930
7568489686
7568491844
7568503350
7568507416
7946872296
7959540724
7959543024
7959545774
7959548330
7959550662
7959553302
7959555350
7959557782
7959560158
7959562516
7959565666
8815055184
893230157
11367884653
2313005255
2527635810
2529904153
2530731872
2783318887
2784176470
2830862791
2831778296
285689135
285689351
285689770
2906577391
2906583495
2907069437
2907416708
2907426412
2907428134
2907432762
2907433870
3035203913
3036035670
3036040244
3470954391
3470957417
3543080943
3551796565
3769934649
3769944403
3769947373
3769976991
3770006391
3770718872
3770988666
3786572822
3843319247
3844105198
3935226068
3944417741
3944717785
3945202422
3945206018
40217552
40217553
40217554
4086056583
4086059767
4225595785
4225600815
4225603749
4286173391
4286176767
4286195785
4286196741
4286916166
4286923028
4286929742
4286935686
477025836
477045951
477046843
477357740
477374463
4805371335_1
4805373157_1
4805375885
4805378035_1
4805378823_1
4805997452_1
4805998074_1
4806006054
4806007504_1
4806012538_1
4806014250_1
5207630438
5336667665
5336691683
5337290332
633466358
6339770591
6779631882
6779632264
6908787505
6908787687
6915331919
6915332073
6915332351
6915332615
6915332873
6925748265
6925748381
6925748483
811688950
8634838736
8717209869
8718332522
932902011
1079760961
11400972336
11400976535
11400999874
11401005065
11401010844
11401054334
11401095044
11401200993
1763638935
1764482158
243220388
243220569
243223344
243223453
267986381
2800022765
2800026939
2800870692
296734025
3676723431
3676845881
3677557996
3677655026
3677655946
382180583
417793156
421994350
4678405231
4678489805
4678489817
4678489825
4826103283
5909022967
5909971151
5910077683
5910084259
5910102005
5910538288
5910651282
5910655870
5910658174
6754793561
6754812921
6754842711
6754851079
6754863197
6754866751
6754878301
6754882129
7621476628
7621481014
7621482824
7621487114
7621490904
7621492756
819681179
819723003
820570356
820603106
820625612
8266173547
8266176663
8266180779
8266301691
8266304841
8266314667
8266333697
8266337299
8266340301
8267235708
8267361298
8267375900
8267379220
8267403622
84441153
84444684
84469870
84522771
84532459
84532518
84532530
9324326243
9327129776
9545326009
9545558487
9545641061
9548413276
11932547526
11932875205
12181478664
2276555071
2276565433
2277345318
2277346734
2277350882
2277354398
2559567578
2578089040
2970868951
2972708359
2972710017
2972884821
2972886817
2972887303
2973558128
3434464711
3434794279
3434861765
3434911449
3435262790
3435522620
3435593588
3862839903
3862843013
3862851419
3862854863
3862857911
3862885865
3863653990
3863661214
3863669406
3863671864
3863676858
4573468447
4573468731
4573468857
4573468987
4573469157
4573469955
4574103166
4574103220
4574103466
4574103592
4574103872
4574103934
4848907167
4848910083
4848917555
4848922425
4849524912
4849533980
4849536680
4870860687
4871464946
4871468744
4889207749
4889216723
4889795778
4889820560
4889822936
4889826160
4889829186
5057822901
5062937495
5062938405
5073934301
5073935679
5636630061
5636669503
5636685913
5637174752
5637183904
5637265460
5637293550
5637317620
59041138
59041174
59041358
59041491
5951112293
5951146197
5951168411
5951174457
5951178035
5951182393
5951657494
5951661240
5951665592
5951675164
5951679048
5951684974
5951687854
6829090674
6829098254
6829116522
6930783238
6930840176
6930908102
6943820680
6945497214
6971253085
7089883505
7294646882
7294693332
7294698590
7294699834
7294702600
7294720358
7294736894
7294738066
7294742792
7294754056
7728435700
7783926064
8383346711
8383347493
8383349115
8383349441
8383350775
8383350983
8384431504
8384432220
8384432586
8384434278
8384434722
8482131910
8482141718
8482556055
8483649192
9687286391
9690523632
9690528714
9690535726
9693996533
9694026479
10195735684
10195808914
134079894
134288445
135039604
135039961
135040382
135048785
135049429
135050066
135051329
135052383
135403418
135403439
135403487
135422503
135426569
135426732
1491109264
1491141582
2297434789
2297447765
2682966081
2682967547
2682970641
2683806696
2891518357
2891734897
2891736861
2892422259
2892429779
2892440427
2892442683
2892449849
2892564608
2893265162
2893270900
3193683061
3193685193
3193689373
3194523092
3194525358
3197206887
3198048964
3198050740
3198054864
3306546275
3307390686
3307391252
3307391506
3309899746
3658453284
4288652080
4401505185
4409398014
4426896357
4427669570
476507546
476507678
476521675
5300400531
5301002552
5301005480
6886315482
6886323848
7032411113
7996639475
7996647919
7996679491
1001205877
10263149134
10530998866
10920862756
10920918066
11217146714
11217243163
11446206564
12282925203
12283189364
12473400545
1427731029
1427731797
1427733463
1427736291
1428611460
1428614380
1428622784
1428699474
1429326778
1429327146
1808089009
1861196106
2056098764
2177842235
2177851937
2177993607
2178009779
2178639350
2178640974
2178794132
2372116625
2492113392
2548783943
2548817981
2549540656
2549558326
2549593192
2549597842
2982903439
2983758892
3127265065
3160445133
3160589431
3160663901
3161449482
3579356292
3599903709
3599904015
3599904413
3600714270
3600714776
3600715214
4500230381
4500254889
4500267985
4500281027
4500284439
4500883066
4500886454
4500892932
4500899156
4500909144
4500912784
4500925666
4514773719
4515411642
4635284819
4635286539
4635289199
4635291903
4635892272
4635892626
4635894400
4635895062
4635896462
4635897960
4650183745
4650275407
4650828018
4650844346
4650951362
4702121243
4702122163
4702122807
4702756294
4702788468
4760827501
4760827875
4760828391
4760828679
4760829367
4769080240
487275790
487334435
487509630
5109414335
5109416237
5109420685
5109561257
5109583657
5109590703
5110017396
5110019082
5110026998
5110028554
5110169706
534510578
534636361
534636363
5408453349
5642396911
5642397251
5642967706
6092892474
6955807024
6955954692
6955958934
7102027213
7102031927
7354538864
7943346658
7948664278
7969115056
7969160832
7970026090
7978948686
7978950805
7979783298
7979791238
7979796403
7979801351
7979807123
7979813277
8021565580
8108861827
8372898521
8372935057
8372943371
8373978560
8374013216
9035177083
9037392252
9037424112
9037431690
9040624435
9040628097
9042841404
9162227202
945294245
945298663
945313861
945319185
946152386
946157314
12289151284
176086917
176086987
176087209
176087446
176087779
176087870
176088060
176088141
176088507
176088623
2166638306
2166654104
2166655500
2201679053
2201687285
2201690867
2202466998
2202467548
2202470452
2209829725
2213925341
2213953177
2234610680
2349263684
2349265024
2350076995
2366418145
2366435935
2367250226
2367255788
2367293672
3170777731
3171611896
3178666113
3178668469
3178669733
3179502664
3179505860
3179508884
3238944669
3239776630
3255623987
3256442764
3352292923
3352295829
3352301331
3353112066
3353114684
3353122928
3410022211
3410032345
3410058939
3410857260
3410872336
3939810977
3940589120
3940591306
3952870058
3952873534
4062569249
4062571667
4295926845
4295953433
4296665684
4296690952
4296697498
4296700092
4296701698
4318799700
4640150206
4683478763
4683480527
4683693853
4684071566
4684074762
4707151533
4707151545
4707151551
4707179957
4707179963
4707179969
4707179983
4707775918
4707775920
4707775922
4707839004
4822519631
4822523027
4822523565
4822526915
4823133798
4823134114
4823139220
4823143418
4854728955
4854733283
4854740737
4854742011
4855336608
4855362442
5394091593
5394098311
5394107561
5394159515
5394167331
5394235281
5394651400
5394682068
5394720638
5394728194
5394734130
5394740646
5865970925
8684204191
8685321724
8688472757
8688502535
8689601588
8693891765
8695014192
9027414519
9027464697
9029632712
9029666834
9029676120
1617315903
1618211638
199555553
199555622
199555638
199555651
200239613
202685456
2598262689
2598278457
2598283515
2599102242
2599112732
2599114404
2599119168
2707217746
2738576267
2790093210
2921995787
2922761252
2922770680
2922855998
2948847131
2949717004
2967134339
2967134503
2967980588
3161248705
3161250951
3161252379
3161256443
3161260655
3161262849
3161264431
3161267785
3161268787
3162088564
3162092872
3162095060
3162100804
337226939
3759169099
3759257079
3759303603
3759753035
3760187530
3760335435
3760515910
3760654960
3760872678
3761151888
3877349119
3885661491
3885662543
3885665281
3885728081
3886456298
3886471948
3886525796
3886526290
4011385028
4012214606
4016771837
4016940987
4016947621
4017744304
4277633874
4277639374
4277641766
4471397099
4472153392
4472189916
4472299636
4472413588
4472419172
4472434082
4472532454
4760014329
4760025011
4760427447
4760966330
4760975624
4761096114
4761104584
4804572913
4824282401
4824898368
4824903132
4881421629
4881422019
4881423519
4881425491
4881426535
4881426911
4882028904
4882029298
4882030814
4882031876
4882035660
4882036306
4882062728
4982450323
4982534889
4983055224
4983139760
4983144006
4983147950
5199658391
5199668591
5199669679
5200253528
5214455310
5300824199
5301419162
53086536
5311984129
5312004291
5312566166
5324578005
5495833815
5573048197
5620652441
5630026705
5659996309
5678449421
5715363318
5991873775
5991877349
5991877927
5992430950
5992431508
5992432092
5992432566
5992432830
5992433354
5992435138
6119267298
7189687334
7190120126
7191340074
7191368356
7191423430
7191430992
7195561558
7195577516
7195592888
7195597596
8933604583
8933609343
9524726579
9524730919
9524802541
9527521558
9529796512
9535935853
9535948987
9535975141
9538749988
9538774254
9538786930
10659426465
10659456165
10659584605
10659610274
10659840134
10659924666
10659964794
10659977343
10660062233
10660075083
10660106983
2633417607
2633418313
2633421419
2633428697
2633432523
2633493377
2634252000
2634252594
2634254018
2634254778
2634267214
2634310020
2634312712
2634315496
289503624
289509603
289611395
289640683
289642843
296026446
296027404
296028136
296041301
3098866733
3098876333
3098878749
3099692474
3099697004
3099698932
3099718398
3200093159
3200096481
3230062853
3230063449
3230063477
3230063703
3230913812
3238096212
3240111388
3691776525
3691825461
3691842633
3692557936
3692619372
3834625773
3834627447
3834628843
3834632603
3834639707
3834640843
3834643787
3834659141
3834663499
3834666595
3835427898
3835435622
3835444284
3835450838
4633044841
4633045671
4633046329
4633186615
4637524520
4640696042
4644065107
4644683392
5229197365
5229208717
5229217501
5229788340
5229794430
5229795872
5229799922
5229813036
5327199565
5327806532
5527847393
5527856931
5527860673
5527865507
5527872343
5527878441
5528463742
5528472292
5625149301
5625154361
5625162585
5625167345
5625192265
5625194905
5625741248
5625749044
5625754642
5625768712
5625771160
5625773610
5625778544
5633677437
5633727625
5633814709
5633827485
5634382418
5636302173
5636614113
5636639517
5636821257
5636868648
7193009490
7193072572
7193104056
7193299138
7193384172
7259465822
7259466352
7259479040
7259484982
7259485734
7259487746
7259489050
7259492194
7259493268
7259497062
7259499424
7259500376
8051561876
8051576761
8051576810
8051583006
8051584689
8051588620
8051589827
8051591272
8051591319
8051597472
8051598518
8051598649
8051599470
8051601508
8051602822
8189227549
8189230541
8190308730
8190310040
8190310540
8190315990
8190316616
8190317898
821428749
821431257
821431857
821431967
821433745
822304520
822305240
822307824
822309520
8265467555
8266528200
8266539620
8266544288
8363957247
8363959407
8365018368
8365025528
8365026356
8365028594
8365030406
9254681901
9254685133
9254687593
9254688325
9254696263
9254697233
9257470460
9257474102
1148678179
1185018782
1185030120
1250315709
1250317555
1251192664
1345399308
158849802
158849998
158850235
158850431
158866424
158866615
158867236
2131411135
2131413503
223913594
223913777
2476294126
2610057761
2612186959
2703105035
2703127043
2732223867
2732224763
2732237239
2732239407
2733053522
2733062198
2733069084
2763075841
2765054479
2784052177
2784053119
2806871738
2961652711
2961653657
2961654667
2961655365
2961657847
2962495956
2962497360
2962509486
3560383506
3568120787
3568140825
3568155965
3568159209
3568382785
3568387187
3568956904
3568962714
3569202366
3569205874
3570653642
3570671126
3638189331
3638208265
3638273175
3638276555
3639024980
3639071774
3639085712
3668233676
3676764306
3754586709
39767184
4077970907
4078431597
4078726116
4092170995
4495148807
5011625981
5011631731
5012252114
5012620118
5012623182
5012626500
5012629886
5082878325
5082879357
5082881231
5082884383
5083471958
5083475972
5083477916
5083478858
5083480634
5083481624
5398391453
5398424083
5398427797
5398442151
5399033834
5399044198
5454163697
5454165339
5454241513
5454244535
5454767960
5454773902
5547438701
5550442083
5550450641
5550458351
5550473443
5551039522
5551054280
5551057040
5615968016
5618071677
5618072605
5618076977
5618079633
5618664016
564157851
565901964
566295389
5828791279
5828791811
5828792027
5828792309
5828792819
5828793781
5828793889
5829340030
5829340236
5829340624
5829341000
5829341704
5829341838
5829342256
6223862541
6223885703
6223889433
6224400416
6224403728
6880109515
6880110653
6880111823
6880113303
6880115327
6880115593
6880115857
6880119125
6880119369
6880122441
6880123541
7159572863
7159573297
7333978098
7333979730
7333983470
7333983826
7333984500
7344309498
7344780180
7344780326
7344780914
820107161
8271221531
8338123973
8415498417
8523314469
8524432176
8593746731
88493630
88493754
88493811
88493858
88494209
88494321
88494449
88494548
88494643
88494678
88494711
88494800
88494850
88495086
185127156
185127297
185127397
185127488
185127557
185127601
185127675
185127710
185127750
185127832
185127889
185127930
185128089
185128133
2114666021
2114667185
2114667495
2114676403
2114677653
2114679055
2115443566
2115453076
2115455536
2115456364
2115458866
2205033827
2305645837
2306455338
2344153281
2344153405
2409099486
2536030014
2775772349
2776237149
2776625212
2777095216
2798598488
301664031
301669987
302435170
302435189
302435192
303002826
3197885473
3198731514
3294062015
3294079777
3294091857
3294093039
3294094001
3294095057
3294124405
3415734081
3415804167
3416539692
3416580960
3456989705
3456990257
3456991217
3456991395
3456991825
3456992275
3456993315
3456993895
3457809046
3457810042
3457810590
3457810994
3457811362
3469477957
3469479001
3470294356
348579535
348579538
348579541
348579546
348591239
3492543387
3492543897
3492544847
3492547439
3492549941
3492551277
3492552853
3493362646
3493364756
3493365324
3493366538
3493368992
3493370342
378899722
3976561568
4103350797
4104101152
4104103096
4104104324
4104106640
4104107996
4104110954
4450560163
453088898
453089046
453089874
453106631
453106757
453106963
453107137
453107235
453107383
453107663
453107945
4694931060
4700846120
4702099004
4711347505
4711355871
4711355963
4711356203
4711986072
4711995478
4767827587
4960115751
4960117011
4960118699
4960123163
4960126389
4960131103
4960131477
4960710650
4960711316
4960712700
4960717696
4960718138
4960722076
4960727764
5143859477
5143863609
5143870187
5143871189
5143874031
5143874639
5143878417
5143884079
5144463646
5144470020
5144471796
5144478508
5144479708
5417372727
5568735605
5568738301
5568753869
5568769795
5568778045
5568803497
5569321452
5569328158
5569346152
5569353718
5569373536
5569397204
562314127
6348991474
6594604575
6970820032
6970820956
6970821004
7116896455
7116896577
7116897329
7116897631
7116897741
7116897827
7116897881
8027033562
8027042270
8027043676
8027044882
8027047673
8027049091
8027050465
8027052874
8027054454
8027062614
8027063770
8104349367
8104350153
8104365500
8104366206
8104369604
8104369896
8104370020
8104370382
8104370768
8581050273
8581050367
8581050477
8581050753
8581050831
8581051105
8581051207
8582151364
8582151670
8582151772
8582152100
8582152602
872138825
872143695
872985950
872988816
1670874363
1684589201
1695595226
222181157
222207609
222210641
222216610
2351628249
2351815411
2351838951
2355224669
2355333615
2355385499
2356141678
2356247780
2356281548
2356319876
2356355806
2357618602
2695689161
2696161100
2696317926
2696342518
2696594148
2697060262
3029355103
3029355311
3029355467
3030190126
3407588881
3407591603
3413132721
3413194079
3413929056
4217289592
4219774445
4219797403
4220570964
4220627956
4263276405
4263277693
4263279545
4263282755
4348309547
4348311155
4348323249
4348326957
4348372947
4349122720
4349131322
4349133882
4386207200
480419820
480420136
480420496
480432781
5169439747
5169443129
5170038692
5170039958
5170040376
5170041286
5170042850
5170044846
5170045744
5229497385
5229639759
5230231168
5230231770
536008018
538263063
543179799
543179827
543179841
5631279819
5631863144
5634661359
5634662765
5635243888
5758168889
5758321267
5758370319
5758373707
5758375405
5758796664
5758872516
5758912270
5758916622
5758921508
5758923594
5758925432
5834650619
5834728587
5834738509
5835185078
5835243068
608313727
608318725
608555652
608566846
6279452697
6279453305
6279460063
6279464277
6279465607
6279974390
6279975618
6279979662
6279982412
6279987718
6492323329
6492331921
6492339963
6492356293
6492367617
6492379519
719874647
7284038302
7284040528
7284042448
7284044240
733327580
10497788255
10498053933
10498077193
10498114484
10498230185
10498353623
11732322485
11732354385
11733052316
11733134436
11820122953
11820609696
12394503023
12394879335
2181224465
2219515207
2219517409
2219520501
2219523735
2220309998
2220310654
2220311248
2220312166
2220312598
2299072420
2454740571
2454740579
2602690034
2747941419
2850161554
3805261350
3805518422
3810086228
3899277837
3899278965
3900059440
3900059626
3900059744
3900060466
3900060618
3900060798
431812948
4720906067
4721557946
4988734979
4988737127
4989332512
4989345320
4989347570
4989359664
4989360074
5096313455
5096313609
5096911126
5096911638
5096911950
521677044
521704275
539919028
539942956
540057601
5440309453
5440912328
5440913032
5440915396
5497692837
5497694809
5498276900
5498277400
5498285846
5511266188
5669723349
6158583485
6158689283
6159319674
6246445413
6246446035
6247663849
6247664455
6248177408
6263799451
6602680623
6602682907
6991343152
7201320344
7201321608
7201326520
7201337188
7201338836
7201340360
7201347740
7721568510
7721575202
7756472070
7756472964
8004818628
8004818726
8004818828
8016523691
8016526044
8047212151
8047219317
8222473671
8223561412
8639532518
8810436449
8810436711
8810440157
8821027502
8821028134
2212300301
2212302177
2212304635
2213093218
2214646871
2215439862
2216544555
2217335676
2257547988
2258160457
2258177045
2423863366
2423864888
2440618445
2440618667
2441447770
2450161544
2450162628
2450216244
2456918629
2457745660
2457746116
2477058053
2477062839
2477871906
2478874181
2478925841
2479686758
2479688606
2479738318
2479738524
2479739062
2479739604
2598486281
2598688979
2598690365
2598705467
2598708251
2598709673
2599306614
2599308690
2599310734
2599312272
2599500042
2599504754
2599517698
2599531978
2599535370
2849497539
2849497641
2849497777
2849497989
2849498069
2849498245
2849498351
2849498731
2850329510
2850329796
2850330306
2850330452
2850330508
2902582615
2902584245
2902585749
2902651005
2902685959
2903521994
2903524322
2903526246
2903530486
3118035379
3118036539
3118039171
3118040593
3118047559
3118869290
3118870690
3118872018
3118873464
369445762
369446541
369446910
369447268
369448297
369448727
4257656589
4257657019
4257658009
4257660145
4258415044
4258416242
4498877138
4501138433
4501140729
4501142371
4501146209
4501149417
4501150865
4501152483
4501760852
4501762660
4501765022
4501766904
4501768222
4501770658
4501788190
5099625465
5099634667
5099651367
5099658661
5099670993
5099679869
5100226496
5100230736
5100232718
5100256572
5100271980
5100277306
5159842047
626387657
626407669
626422679
626423947
626425111
626427043
627277774
627281860
627282812
627289094
627293626
6739484063
6739484983
6739485967
6739487013
6739488965
6739489903
6739493259
6739494085
6739501411
6739503599
6739504555
7179795872
7189671892
7189681078
7189701544
7189732106
7189767826
7191690694
7191700558
7191769184
7692504868
7708306180
7708306446
7708307028
7708307258
7708307496
7708307688
7708307888
7708308322
7708308512
7708308682
7708308862
7708309292
7708309574
8155015011
8155173557
8155174797
8155178515
8155183601
8155184983
8155188753
8155196702
8155198192
8155205218
8155206766
8155210366
8155220516
8155222822
8557857521
8557862523
8557881025
8557891475
8558975538
8558976032
8558978104
8558986902
8558988832
8558989306
8653272913
8653279555
8653286717
8653288843
8653297845
8653300067
8653303931
8653306711
8654373732
8654383558
8654391386
8654402912
8654409280
8671077420
8671091746
8768427721
8768460867
8768496841
8768516369
8768527097
8768539223
8768541971
8768546535
8773245552
8773280344
8773283324
8773325088
8773336198
8773346090
8773360440
8978419236
9279762379
9279767211
9279813863
9279816157
9282545690
9282550652
9282556000
9282559098
9282566668
9282567320
9282579316
9282584782
9282586236
9838838294
9838858124
9838887075
9838945473
9838948093
9838952953
9838954383
9838956473
9838958763
9838965013
9838968313
9838973373
11285208
11285271
11285322
11865559784
11865972686
11865978416
1428401613
1428409401
1429277500
2419777
2419803
2729310629
2729490129
2729552805
2729663827
2730391894
2730426066
2730470544
2730473700
2730500198
2730527690
2778342839
2778343217
2778909422
2780638617
2781496672
2824302459
2825137090
2825137258
3019555725
3020386076
3297685197
3298517012
3629357957
3630177754
3630233340
3687286761
3687299229
3688101398
3688101934
3688135078
3773755365
3773757247
3774565464
3775516933
3775613116
3778484761
3778487203
3779289528
3779294788
3779296572
3779301158
3779308462
3779309242
3779858283
3827225565
3830392970
3944409335
3944435023
3945219566
4012848937
4012849041
4012849131
4012849233
4438249053
4438252285
4438253273
4439026192
4439026950
4439034280
4439035296
4439035736
5134015125
5134618198
5134623144
5819441759
5820001188
5820005710
70503247
70503450
70503668
70503722
7545556044
7545557102
7545557650
7545558754
7545559392
7545563574
7748951760
7748952300
7748953176
7748954478
7748955696
7748961536
7748961958
7748962450
7748966124
7748966996
9364823227
9364829033
9364836621
9364897817
9364970339
9367591428
9367758822
112242497
112242501
112243180
112243571
112244038
112244042
112244446
112244447
112244448
112244851
112244853
1799241762
1799274620
1811502361
1811503423
1811503757
1812346070
1812346226
1812347970
1812348124
1812348642
193788469
193788811
193789218
193789678
193790888
193791308
193791736
193792167
193792888
193794990
193802181
195133578
1954857979
1954858039
2293092517
2293879588
2391990493
2391991895
2392001617
2392005615
2392006703
2392010919
2392820298
2392827886
2399262243
2778840281
2778861397
2778867583
2778870073
2779695912
2779697228
2779716348
2779729550
2779738426
2779740694
3307567251
3308185446
3308439478
3308441962
3309785881
3309860357
3309873475
3309896949
3317132243
3317145289
3392225125
3393035860
3393037264
3393038960
3396193652
3396194692
3434356807
3434358453
3435151964
3435154794
3435157084
3435368358
3435446916
3435556260
3435585816
3435588820
4598224965
4598246565
4598254147
4745763089
4745768037
4745825323
4746349218
4746416920
4746434804
5096278363
5096278783
5096280907
5096285041
5096285773
5096294117
5096874748
5096875304
5096878246
5096879628
5096883078
5096883348
5554064683
5554064741
5554064813
5554065419
5554065737
5554066051
5554649466
5554649508
5554650356
5554650428
5601664567
5602248226
5604422261
5604423185
5611681967
5617737535
5617739573
5618322370
5618323622
5618324404
6262100823
6262107581
6262628206
6262631762
6274407641
6274408823
6274411655
6274412785
6274414743
6274415699
6274417245
6274420141
6274423779
6279892153
6279969201
6280417560
680290015
681114448
6891536334
6891540298
6891541216
6891541374
6891541568
6891542100
7037628693
7037631309
7037633887
7037637227
7037637371
8263920145
8263922931
8263963365
8263965931
8263968081
8263975989
8263978315
8264997786
8265049954
8265051998
9617659901
9617660115
9617662661
9617663457
9620896452
9620896664
9620897724
9620898086
9620901074
9620901280
11750946615
11751023475
11751039725
11751044075
11751052205
11751130873
11751246553
11751275653
11751433254
11751437724
11751467524
1193619034
2313902629
2313903839
2313904509
2313905107
2313906127
2313909335
2313910111
2313912667
2313913101
2314715700
2314716412
2314720094
2523908185
2523921613
2523921999
2523930235
2523932903
2523944107
2523949851
2524735294
2524738124
2524751584
2524759686
2524762934
2524765658
2524771260
2613272151
2613284933
2613546193
2614110022
2614112752
2614342944
2614355710
2614359260
2614369444
2614372366
2614375716
2614387646
2615604743
2616426152
2771193237
2771193867
2771194339
2772036020
2772038328
2772039126
2772040972
2772041130
2814999674
2920018703
3170652501
3170653137
3170653823
3170655067
3170657309
3170658109
3170658801
3170659495
3170660905
3171484234
3171487000
3171488340
3171489052
3171494112
3171494954
3184871233
3184874163
3184875263
3184878905
3184881083
3184882031
3185714822
3185715876
3185723398
3185723606
3185723928
3185725074
3185725590
3185726020
3312398493
3312411015
3312415455
3312428867
3313224208
3313230114
3755043132
3917718572
3917725408
4105861783
4105862127
4105862885
4105863265
4106628128
4106628270
4106628746
4106628892
4106629436
4106629618
4106629912
4106630092
4106630422
4106630562
5056614025
5056736599
5057317848
5057320116
5236087833
5236658882
5236664668
5236672840
5236687054
5268900519
5268902791
5268904045
5268904225
5268904525
5269511496
5269511646
5269511806
5269512796
5269513024
5269513210
5269513328
5269513586
5269516684
5285625077
5285625445
5285625683
5285625961
5286222758
5286223212
5286223914
5497365227
5497366735
5497372167
5497373953
5497376933
5497378599
5497383891
5497388857
5497962124
5497964096
5497969214
5497974242
5497980908
5497986160
6077516071
6078152574
6318555208
6866650616
6866667448
6868439308
6868463116
6910897237
6910930333
6910962599
6911003027
6911038383
6911118857
6911130395
6911141373
6911155485
6911164987
6916923093
6916944785
7014610535
7014628395
7473328636
7473334684
7473339568
7473343860
7473349148
7473432344
7473784730
7473789642
7473793280
7473797700
7473817902
7473823296
7473828404
7473833772
7473839724
8219336145
8219342345
8219343527
8219345625
8219346403
8220410000
8220413134
8220414854
8220419576
8220420502
8220421212
9337129011
9337139389
9337146253
9339917084
9339919890
9339922364
9339923372
9339928766
9339931348
9339935222
9857533935
9857556716
9857662016
9857695785
9857700925
9857704455
9857729596
9857738994
9857741145
9857780413
9857793423
10423191424
10753757385
10753851726
10753856126
10753860484
10753880654
10754056253
10754058903
10754059703
10754066633
10754272665
10754351066
10754359856
10754568493
138908177
138908525
138909372
138909924
2482756687
2482775717
2482779969
2482786763
2482788211
2482789731
2482817075
2483578418
2483590658
2483597646
2483652182
251982623
2908373128
2914167342
2976179619
2998912353
2998912711
2999749448
2999750116
2999751672
3019561247
3038902071
3213771883
3397457265
3397462655
3397465641
3397468387
3397472543
3397500309
3397551299
3398261716
3398303642
3398318160
3398324266
3398327000
3398330080
3398354030
3676878611
3677692912
3677693352
3677694004
3951504485
3951520407
3952254100
3978328679
3985091689
3985102209
3985111577
3985823224
3985836358
3985870074
3985873730
4056769011
4057508622
4534113784
4791684371
4791703957
4791735809
4791749541
4791772681
4791784389
4791792711
4791843529
4792290086
4792317644
4792323134
481403224
481403396
481403732
481406552
481407168
481407628
481412759
481414417
481415219
481415895
4846887335
4846890949
4846893179
4847507978
4847508088
4847508172
4847516024
4847516728
5138246823
5138271265
5138854992
5884122323
6479931561
6479933111
6479935103
6479937569
6479939945
6479941871
6479985501
6491457719
6491459625
6491460601
6491461031
6491461471
6491462245
6491462977
6491463383
6491463861
6491465199
6491467273
6491467667
6491468795
6491472913
6700311309
6700314595
6700317529
6700323211
6700331305
6700332213
6700332883
6705163319
6705226949
6705243765
6799483464
6801572390
6801572484
6947680077
6947680431
6947680571
6947680829
6947681083
7423569506
7434957772
7434976748
7441611662
7657020532
7669667584
7669793312
7669795154
7774639336
7774768304
8525061998
8754279197
8754282065
8754295435
8754304907
8754314739
8754334063
8755383884
8755397068
8755425458
8755441444
8991938569
8991943745
8991950803
8991972315
8993141420
9186157305
9203105571
9203107857
9205890218
9205890648
9363910295
1642761792
1642763740
1693646001
1693648021
1720254795
1721103986
307605480
307617800
307617886
308612787
308612839
308612973
308613046
308613113
3388815995
3389624448
347358821
347449936
3567700775
3567766835
3568564146
3568580402
3568604796
3568608944
3568617568
3568621734
3568637792
4402903800
4423585993
4423591761
4423592469
4423593135
4424351668
4424352348
4424354946
4881501233
4882105602
4882108290
5652448759
5652464583
5653016770
5898164801
5898170771
5898733584
5898744892
5965409463
5965409469
6182593345
6182614679
6182651249
6183093216
6183112194
6183151602
6183154066
6183169258
6393466521
6393467375
6393467823
6393468353
6393469985
6393476483
6669384621
6669397377
7225647014
7225670612
7286541026
7286671490
7293028228
7312396094
7344192480
7572877164
7572879188
7572897612
7572906112
7572910236
7572912284
7572913482
7782729652
7796609008
7796611978
7796614794
7796618058
7796621514
7796627154
7796638100
7796643528
7969541618
7977532043
7977555967
7985003756
8752005833
902931145
902931161
902931195
902952215
903781782
903781822
903781838
9844193504
9844211954
9844222264
9844318876
9844395755
9844427733
9844486793
9844520683
9844532643
11497521
11497536
11497540
11497543
12542194
12542204
2354714589
2355546016
2355546106
2361854469
2362685888
2362686268
2374245666
2460989151
2460991973
2460992107
2461003831
2461004307
2461004455
2461004853
2461005599
2461005897
2461838060
2461838546
2461838666
2461839250
2461840172
2758297648
2974669464
2987908535
2987909153
2987909677
2987910331
2988766914
2988769926
3649940147
3657298650
3657298870
3659262246
3668283098
3720123843
3722582278
3826727035
3833178895
3834138296
3838683828
3884665115
3884844845
3885632236
3885640148
4737782855
4737784423
4738416450
4738421388
4927444255
4927446001
4927451803
4928041884
4928054552
4928693106
5127732901
5128339170
5128340310
5128352008
5128355692
5129174513
5129198945
5178267201
5178864052
5986622005
5986622045
5987181708
5987191032
5987191980
6691758161
6691758473
6691760003
6691761803
6691770763
6691852653
6691855355
6691919207
6691921147
6691921481
6848891996
6995023041
72856276
72863296
72970829
72973491
7323923
7639986630
7639998126
7640013522
7640050602
7698246
7698254
7847013976
7847017438
7847027582
8560183049
8560183303
8561288412
877384903
8838667969
8838701083
8838729545
8838747427
8839266480
8839321734
945742711
946553486
946558196
946619662
9554397299
9554758187
9554979731
9555237605
9555642369
9555654399
9555665573
9556030917
9557411120
9557820464
9558142764
9558757600
####
Cluster 5
1675682410
1832529568
1832533352
2198567778
2198568402
223803556
2681345863
282288074
282297251
282314017
282324684
318612384
417537329
4519592575
4569995457
5187088597
5464344376
5871990869
5872538040
5872576110
5900625846
6853242318
7228788406
7228796052
7228828422
99211296
11437345055
11467896214
2509627375
2629828405
2629831173
2630646886
27483765
27483771
27483779
27483907
27483924
27483952
2781049523
3102751358
3774457925
3774484665
3775286010
5454976139
5455578324
5455583132
5455585368
5455586790
5455588046
5542853195
5542871699
5542884563
5542895477
5543421034
5543423000
5543455392
5543471390
5543485176
5989440911
5989441049
5989441205
6031579036
6864742632
6896204402
7042267503
7042311519
7536840750
8263232359
8617964931
8617967439
8619074856
10452092804
10452320753
10452363613
11702906164
11703565136
1427343546
2412555618
2530906855
2531086231
2531087583
2531902786
2532647681
2620834132
2706098567
290347029
290352449
290352615
290360470
4107880947
4108663816
5290290829
5290297283
7931031804
7931060050
8298394302
11345647513
12497234034
12497387424
1428779394
1428780040
218442851
218443542
3092716777
3093561204
3102901056
3113303153
336293060
336303595
3770432440
3829736657
3830534494
3830535182
487262328
487263368
487289139
487289789
487290291
487290807
487291389
487291995
5782580027
5782582075
5782615967
5959992363
5960517010
5960540752
5960555688
7468141678
7770574244
9846930764
9847017654
9847056966
2697962213
2698116869
2878583399
2878584519
2879418392
3866452021
3867235566
3867236296
5377710683
5377711073
5378310692
5722301303
6774160794
6775122856
6917829763
6920275879
8044744331
8044757074
8044758376
8140793741
8247197197
8664734855
8664737183
8665837480
9175471222
9568121914
3274153589
3274154055
4132502983
4132507059
4133265684
416555138
4166176889
4166934588
4168070695
4263243247
4263382931
4263387515
4478634303
4554231549
4554246069
4805371907
4806011196
5052128624
5258178285
5258788846
6908252562
6908254370
7054346561
8020714043
8396184702
9004176518
10719842495
10719926344
10719944656
10719988883
4440874449
5271360770
5542402543
10125352554
108586683
1306850114
1465972308
1523271735
1523277395
2497966897
2579660742
2579660906
2830589086
4619787693
4619788825
471141027
4734226554
4734227438
4734231842
4760356683
4764574219
4764574819
4778522253
4952940070
4981209783
5250031697
5338891113
5338891415
5338891677
5338892397
5353149648
5927514557
5928070030
6017338383
6151087183
6193265393
6193266919
8040025822
9186318896
9186319976
135116270
2064729309
2065524674
2184117824
9067739127
10427994505
2433675624
2829539120
6044961427
6044966447
6624575811
1535297933
1635527310
2312250788
2681568311
3285844504
3769932632
3825156933
3825200937
3863809775
52051413
52051466
52051593
52051877
52051938
52052082
52052550
52052657
52052758
52052805
52052845
542108715
5500626763
5500628375
5518780743
6040423813
6300251471
10474547324
10482728394
272681965
285683956
285685885
285686822
285688613
285689616
285689999
2907419942
2907425156
368382456
3844066618
477047199
4805371907_1
4806011196_1
1763665829
1763671667
1764523648
242641135
243216999
243217057
243218074
243220980
243221345
243221425
243222498
299115791
299115796
299118588
3676830461
3676833557
3676835261
3677554550
3677644214
421994311
421994409
4675290746
5909974117
5910544912
5910548240
5910640882
7621478192
7621485256
84458398
84458462
84458500
84458531
84458576
9324357215
9324361619
9327118380
948517193
949554410
9545488523
9545507983
9548270782
9548317540
11848435566
2276558761
2277349260
2277359774
2277362222
2973556560
3422896185
3422943551
3434847955
3435563002
3862834515
3863621498
4574103766
4574104082
4849516402
4849519998
4849535064
4889820746
4889825988
5020368815
5058427508
5062923419
5062939109
5062939785
5632512890
5636647233
5636692267
5637182266
5637270246
59041104
59041114
59041371
59041393
59041461
6825144990
6829079146
6829082886
6829110588
6943832696
6943850480
6971258817
6971262567
6971269095
6975240107
7076937419
7091156673
7091178095
7091526959
7294655744
7294661128
7294672286
7294703912
7755466318
7767231656
7767233782
7783922020
8383348833
8384431086
9690524424
9690526818
9690554722
10195615874
135403458
135403500
2338258414
2338258706
3193682233
3207098091
476508788
476520187
476521457
476522037
476522149
476877830
6886324094
7032421177
7032421503
2078747989
2177843201
2178785292
2372101423
3126115510
3160497097
4635897572
4760827205
487241138
487608986
487613500
8207583813
8207583991
8208673480
8314752968
8314754328
8314754994
9042919527
9792667384
9792709704
9792727203
9792813893
9809868413
2348425577
2367257762
3178666743
3178671427
4062572949
4063319588
4063319920
4683477697
4684082900
4707775924
4822522725
4822524241
4823132978
4855337804
2598289307
275686095
275686244
2921951447
2967980386
3162081566
350308932
3761037494
3885721603
3885725243
3886519232
4012521236
4276888849
4277654784
4472159392
4760065957
4760099615
4760673700
4881426131
5373379852
5991876885
5992431782
8325469161
8325469703
8325470011
8325470805
8325471785
8326526524
8326526816
8326527310
8326527544
8326528174
8326528622
8326529064
8326529290
8326529498
8933604453
8933608673
8934222522
9524741891
10659941403
289510364
289638752
3098875501
3200072527
3237255951
3240111380
3691836173
5229209697
5229235771
5229240089
5229820728
5327194153
5327197291
5327200789
5327804248
5327804408
5327806080
5327807172
5327807604
5527859257
5527867525
5527877199
5528464336
5528465620
5528474866
5528479218
5625187055
5636720927
5637233342
7154217817
7193109366
7193127406
7193177754
7193223824
7193374718
7193398586
7193427054
7259485350
8189229315
821432141
8265465341
8363943841
9254685959
9254689129
9254692473
9254695337
9257465076
9257467100
2733066880
2744426511
2745260276
2745260940
2745262194
288817385
288817407
288817416
288817420
3568400411
3570535404
3676039021
3710370971
3710372933
3710376347
3710382699
3710486377
3711183180
3711187764
3767041448
4074848725
4075754559
4075754675
4075754797
4075755249
4075755931
4076508626
4076508876
4076509470
4076509600
4076509824
4078725092
4079189370
5082873721
5082887495
5398421135
6532214869
820978460
8264801729
8385232509
8523324553
3259427928
3294097959
3294926336
3294950812
339513365
453089632
453089812
453106913
4711347835
4769599645
4769609553
4960117501
6970820432
6970820504
6970820552
6970820724
7116897287
8027038398
8027063033
8104349899
856091671
8581050913
8582152358
8582152490
148880501
222126959
222144998
222149556
222153970
222173555
222190662
3142947244
3413128281
3413130103
4216527527
4217337792
4221266668
4263274581
480419186
480430109
5229638741
5229638919
5229639031
5230231632
5758208845
5834654687
5834698207
5835177370
608309425
608542690
6492330635
6492335561
6492354893
7284029260
7284060516
7284065246
10497546425
10497577256
10497699144
10497718194
10497728943
10497743996
10497766153
10497803483
10498197763
12394625055
12394687285
12394929383
3516859062
3810062950
3810082026
3899276739
3899277059
3899277679
3899277945
4720891855
4721559334
4721559848
4988756491
4989342490
4989346500
4989365306
5214588478
5669726671
6158593295
6159142818
7201319212
7201322828
7201346064
7201349046
7201351082
7201353582
7201355302
8047220044
8810440549
2903479300
2903532388
626429569
8557871431
8557890681
8558970954
9279760637
11285515
11285738
11285844
11285923
11285970
11865564934
1428403377
1428412035
1429280642
1429287934
1429288190
2419784
2419794
2419799
2729398997
2729652741
2730271392
2780060136
3297701675
3297716571
3298515160
3298533854
3629356261
3629359103
3630189388
3630191670
3630193866
3687287373
3687292105
3687292619
3687293943
3688095294
3732092259
3732129443
3732875654
3732888152
3732922440
3779292138
3779304642
3944406887
3944409745
3944410843
3944415507
3944416479
3944433203
3944435885
3944438441
3945201862
4438250977
4438251523
5134058047
5134644088
5134662696
5134695840
5582121742
5819438633
5819441165
5819442989
5819443289
5820001854
5820004252
5820006372
70503633
7748949834
7748951080
7748955224
9367735494
112243575
1954857953
1954858119
1955158215
1955158259
1955829324
1956115780
3310625824
3434353579
3434361581
4598239599
4745834327
4745838465
4745842759
4746470290
6262627314
6280469142
6280510878
681321254
9617661329
9617664129
11751268593
2771193635
3312420079
3312421765
3312424155
3312442081
3313056116
3313264608
3313272320
7014650069
7014702437
8219347763
8220412330
8220430998
8220432002
9337128659
9339929824
9857547165
9857652416
9857658116
10650631163
1850401943
1850421881
1850437547
1850556281
1850703607
1850748831
1850761519
1850833667
1850838881
1851342008
1851515838
1851537978
1851554226
1851633042
1880070931
2483644362
2886513934
3985075445
3985077169
3985087547
3985098227
3985761536
3985829810
4057508220
4216955108
5138240457
5138256361
5138853562
5138857954
5138861770
5138862812
5138864974
5138869458
5138871416
5138871926
6417790281
6417793045
6705167201
7774626850
8754279689
8754330321
8755407226
8991997243
9203108375
9203111957
9203112839
9203115019
9205893280
9205897206
9205897640
1698067249
1698917908
1709429962
1712659557
308613076
3172446287
3388813749
3388816651
3388816703
3388816935
3388817009
3389624832
3389628258
347369751
3567803219
3567829989
3568588428
3568646278
4402144343
4402166451
4402907532
4402929890
4405329102
4405330628
4424355700
4881459899
4881460063
4881460225
4881494463
4881495115
4881495417
4881496733
4881498167
4881498543
4881502983
4882069104
5652456005
5652457927
5652463155
5653019042
5653019748
5653021618
5653022524
5898168125
5898175457
5962728317
5966004680
6393469081
6393470559
6393471141
6669385265
6669386079
6669386945
6669387549
6669388585
6669389539
6669392599
6669393537
6669394175
6669394827
6669396721
6743328533
7225650442
7225651760
7225658834
7225660196
7225663952
7225670084
7225967714
7292997246
7297934902
7304463394
7316675006
7572875576
7572895076
7572911352
7796624328
7796629998
7977595050
7977649149
7993607792
902931121
902931209
902931237
903801176
903801192
903801204
11497515
2373407571
2381941393
2381941563
2382774574
2973809637
3667053844
3667476935
3720935484
3827584050
486453704
486455928
486456458
486482979
486483191
486485057
486486203
486486289
486486707
486486771
486486823
486487119
486487191
486487275
486487809
5128347276
5129765888
5129781006
5175933457
5179909999
5179922617
5180507304
5180513666
5987181786
5987181850
6691761153
72860398
72864032
72960265
8561274812
####
