Cluster 1
1674810741
1674815731
1674817147
1674819681
1675673802
1675682028
1675777022
1675787466
1675789874
2058917961
2059702220
2059702588
2517318209
2517353423
2518094240
2607614226
278546113
278548028
278548346
2873164682
3071372614
3082007635
3101030298
3103218274
318613804
3379489423
3379490419
3839702658
4140494070
424211156
5446933791
5777309412
6865245266
99211416
2188644187
330079508
36108839
3740006657
3769232449
3770029302
3774468529
3775281856
3794900025
3795731758
3908989117
471850273
4733384559
4734019980
504119953
518891917
5455588046
5538907257
5542884563
5543467632
5566463504
5976286732
5989440877
6031023157
6031024591
6031024805
6031580638
6896175006
7042236887
7042311519
7816994786
8186830697
8330799519
8330803351
8331858680
8576981561
8642245515
8649136026
8712618991
9633831591
9633861845
9637098168
10452119926
10452213445
10452363613
10633226065
10658289816
10660534024
11702490555
11702793714
11703108464
1426433995
1427356636
1427394838
2411640183
2412397896
2412488564
2531087583
2532647681
2533476776
2620009299
2620834398
2620836962
2689904793
2690224919
2706099055
2706917798
2706918582
290351948
290355495
290360470
4027641657
4027657471
4028383788
4107885699
4107897723
4108661410
4685002837
4685634504
4771812127
4771816933
4772452248
5290225999
5290298993
5290826488
5290826802
5290827378
5290829838
6828732537
6828774105
6828781685
6828790001
6828798241
6828807053
7867470286
8298482456
9420661179
9423409782
12496722755
12497092273
12497291294
1428779914
1593638721
1594470000
218442505
2447456907
2463774021
2464599776
2685907715
2686714982
2686728102
2898278335
2899133600
2907636079
2907637389
3102901056
336290206
336296758
336302378
3829737429
3830533180
3830533352
3830534392
4005237996
4015325236
4528159154
4531527508
4532265568
4793714649
487262792
487289789
4888932586
5782580027
5782604289
5783163894
5959997499
5960540752
6459898557
6460233431
7468144868
7468170452
7770570644
7770588684
7770589416
7770596642
9846989364
9847029186
9847056966
10470163856
10794458684
10796239426
10796324356
11349015604
12393141465
2486786800
2486822226
2697962213
2877997361
2878586011
2881963256
2892264371
2893096760
2893107550
3763489428
4120529315
4382798484
5052033973
5134807563
5135329324
5135423086
5377709859
5377711073
5722301303
6254348733
6254887206
6912341307
6912342821
7906709924
8044745515
8044750559
8137623674
8247174835
8247199327
8248263078
8432750536
8523171501
8524290820
8664737183
8665837480
8725883340
9004444004
9262980689
9265776726
9283200289
9285935380
9567241713
9568122402
9570091184
11516327404
11517498204
11517589704
11519325455
11545827426
3944720925
4025936643
4025940717
4025942939
416554452
416555138
4166177287
4166934588
4168070695
4168837448
4230574853
4230615377
4263381473
4264128286
4455433635
4478632177
4479258876
4536885673
4536892651
4537520576
4537525172
4547363613
5038158893
5038776168
5051506583
5051508521
5051515825
5052148870
5052152312
5111052798
5111072284
5111080962
5456152037
5456805866
6099517676
6099517784
6997717861
8020631558
8020671050
8020737489
8395126701
8396196432
8989902981
8992698766
9004173270
10719832864
10719988883
10892160725
10892302134
10892462583
10892463543
10892463733
2262345826
3145634372
3145659140
3298320869
3299100562
3433122096
3439828449
3443811134
347111824
347112583
3821450103
3821451931
3821653979
3821654481
3821655525
4268081161
4268084539
4268085119
4268828288
4268828872
501727220
501748971
501796631
5270763611
5271356488
5502374037
5502375353
5502377039
5502378543
5502387977
5542398925
5542981212
7079070719
7381767396
7381787616
7381807380
7381815678
8302542098
8513656303
8514763212
8514764466
8514766368
8514767216
8514769872
8514771198
9504029461
9504044899
9504063229
9504069775
9504072991
9504098657
9504102725
9506873544
9506917918
2830586752
31732960
31800148
32118479
355400046
405023985
416345703
416352193
4196545078
4619788825
471121472
471141027
47167869
4764566295
4764574819
4765206352
4797549346
4952940070
5338890679
5338892243
5339504474
5559133780
5927508381
5992208941
6150926594
6151088587
6151655764
6178568413
6178597091
6179135732
6193771892
6256799042
6828141596
8045915251
8045921887
8045928630
8419938111
10045378096
10045632093
10045633316
10045809175
135115202
135116324
2183279459
2183319977
288044415
2951069467
2951910186
2980999601
3472330055
3629159169
3897478187
3952579860
3965822399
4308770173
4312639443
4316702171
4316751509
4317474802
4476079309
4476079389
4476080461
4476080501
4476855112
4476855160
4476855212
4476855358
4476856270
4476856682
4476856880
4476856946
4476858062
457715096
5041772573
5098166243
5250931819
5250932835
5984516153
5999531210
6231951817
8492075597
8493294360
8493296918
8877220281
8877830126
9067744841
9069966916
10041267194
10041290516
10041384303
10427928396
10428164733
10428221063
10445086536
10686694456
11494476694
11494541456
11494558263
11494570706
11494572763
11494578336
2828701151
2828701349
2828701983
2829538424
2829538628
2976213
2976230
2976232
3259031037
3259032369
3259068153
3292095023
3292117677
3292294323
3292317977
3293118354
3299257220
3299260498
3299260714
3531576730
3770735523
3770743117
3770747503
3770828505
3985550
4458396589
4459175892
4459177970
5350735036
6045526832
6045528844
6494667935
6494668899
6494669993
6494673379
6494691793
6494694223
6494696673
6624567857
6624637155
6624639513
8556155157
8556155563
8556155993
8556157009
8556157095
8557265018
8557265366
121717602
121717603
126338879
3825152325
3825211711
3826017230
38389924
38398055
3976302614
3980168507
3980930572
4049645329
4050390564
4518837939
4646924937
4647541768
4647554676
5090713061
5178440804
52051542
52052082
52052805
5214132904
5246235280
5500622679
5501213672
5683046217
5737713848
6040423813
6375741663
7181452217
7366679462
7568463658
7568480222
7568498476
7959545774
7959560158
9161873374
10523798314
10536426625
11367698445
11367760666
11367788084
11367797404
11367807584
11367820773
11367841723
2313794286
2313794806
2313806826
2313807296
2313814382
2313824004
2530722110
2530723970
3470954391
3470983121
3470984953
3471778308
3471781758
3471783700
3471785688
3551796565
3769974753
3843307163
3844086536
3844091610
3844097096
3844099134
3844103166
40220522
40220523
40222616
40222623
477363715
477366829
477367927
477372419
477373393
5336492721
5336709067
6908787687
6915332487
6925748381
8717209265
8717211785
8718332840
1079785271
11400999874
11401076336
1763632205
1763664011
1764496714
243218074
243221425
267986381
2800027615
2800871058
296734025
296740225
3485941445
3486001485
3486788246
3486795312
3486797886
3486806664
421994275
421994350
421994409
4678405209
4678489825
4678891154
4814629597
4814631825
4814634085
4814750197
4814762565
4815249870
4815260460
4815262450
4815387988
4815390600
5737202051
5737747778
5737749272
5737751012
5737752190
6754838873
84441168
84469870
9324318413
9324375591
9327173930
948727397
949554410
9545539175
9548270782
11931826675
11932030623
11933493993
11933848736
11941303485
11941809575
11941861445
12181469424
2972872955
3434464711
3435457260
3435522620
3863661214
4573468857
4574103220
4574104082
4849519998
4871464946
4889216723
4889822936
5057822901
5061775187
5061791373
5062923419
5062938405
5063550460
5636684249
5637213132
59041114
59041289
59041482
5951178035
5951679048
6829079146
6829110588
6943832696
6971262567
7089883505
7294651912
7294699834
7294742792
7767233782
8383347493
8384431086
8384434722
8482126630
8482141718
9687293017
9690527760
9693996533
10195754275
10195882726
134079894
135040382
135050066
135403439
135403500
1490265543
1491109264
1491141582
2298245122
2298253588
2337424383
2338258414
2682966081
2682973699
2682975079
2682978077
2682980481
2682981755
3193685193
3194524660
3197210759
3207111289
3207126857
3207142033
3207167997
3207176655
3207183887
3207215247
3207232931
3207253225
3207950344
3207964026
3207995524
3208004720
3208070938
4287906793
5300400531
5301008932
6886323848
7032421177
7754467268
7754471800
7948795526
7948998970
7949101452
7996662243
7996679491
8974608162
10531062644
11446356953
1427731029
1428452253
1429327146
2129443949
2177993607
2178785292
2492112736
2549540656
2982903253
3126115510
3160589431
3579356292
4500254889
4500284439
4500899156
4515411642
4635293649
4635896462
4650183745
4650302883
4650903186
4702788468
4760828391
4769080240
487613500
487666298
5109420685
5110021878
5110192818
5642397251
7354538864
7970026090
7979801351
8108861827
8207583991
8247196215
8372895075
8372943371
8374013216
9037424112
9042848062
9290448311
945298663
9792654495
9792661515
9792663515
12281305945
12281316245
12281415823
12281473513
12281863776
12281878306
12288746955
12288757945
12288777555
12288788105
12289151284
169892499
169892598
169893105
169893197
169893485
169893849
169893920
169893971
169894219
169894272
169894508
2198535954
2202481442
2219711553
2366427623
2366432827
3170787943
3171611896
3171621504
3178664767
3238907655
4684078516
4684325374
4707179953
4707775920
4822519631
4823132978
4823142584
4823143418
4854719231
4854719689
4855356012
4855359798
5394801336
5866549144
8684212773
8688502535
8695014192
9027414519
9027425329
9027464697
9029558726
9029610152
9029686416
2599114404
2707220528
2921930457
2921941125
2922816914
2967134503
3161264431
3162082976
337226939
3759877843
3760654960
3885661491
3885728081
3886523042
4016771837
4016939245
4019348496
4276888303
4277652254
4472153392
4472413588
4477035103
4760073205
4760086821
4824898368
4881425491
4882029298
4882062728
4983147950
5200253528
5297649933
5373379852
5630026705
5991876581
5992430950
5992432830
7189845902
7191430992
8325469703
8326526816
8326529064
8933604453
8933608989
9524730919
9529796512
9538749988
10659610274
10659964794
2633417607
2634252000
2634310020
289611395
296027404
3098866733
3099698932
3200086243
3230063477
3230913292
3230913318
3691836173
3834625773
3834640843
3835435622
4633046903
4640696042
5229208717
5229794430
5229820728
5327198969
5327806080
5527859257
5527878441
5528479218
5625192265
5625768712
5633814709
5636639517
5637233342
7193127406
7193384172
7259466586
7259487746
7259500376
8051588620
8051598518
8189230541
8190317898
821431967
822306208
8265467555
8363944675
8363963955
8365030406
9254688325
9257465076
1185024608
158849802
2131411135
2199742801
223913594
2615740385
2615746347
2616562156
2616583918
2744424763
2961654667
2962504910
2962505958
2962506932
2962509486
3638206801
3638999268
3668229904
3676857188
3711183180
4074848725
4075755389
4076509824
4092170995
5011631731
5022944133
5082888891
5083480634
5398424083
5454161895
5454769656
5550450641
5550458351
5551039522
564157851
6223885703
6880109515
6880115857
6880120867
7159573297
7333982582
7344309498
820978460
8385232509
8524422014
88493754
88494449
88494800
185127297
185127675
185128007
2114667495
2115453076
2205033827
2365850314
2776625212
302435189
3259411532
3294093039
3294891998
339508292
3415764411
3416526574
3416529914
3456993315
3469477957
348579538
348591239
3492551277
3493366538
3780144748
3780593482
4104106640
4481578877
453106631
453107235
4702099004
4711347505
4711995426
4960115751
4960131103
4960718138
5143874031
5144463646
5144480530
5568803497
5569340632
6594604575
6970820956
7116897741
8027014495
8027050465
8027063770
8104354311
8104370382
8581050367
8581051207
8582152490
872988816
1684589201
1685440660
1695594256
1713912928
222230805
2355273611
2356319876
2695874003
2696342518
2697060262
3030189988
3030190126
3030190418
3030190566
3030190682
3030190776
3030190894
4216523515
4216526269
4263273897
4348326957
4349133882
480417906
480418206
480432781
5169442859
5169443129
5229638235
5229638367
5229639229
5230231770
5631281679
5634662765
5758306215
5758858754
5834620059
5834650619
5835185078
608311053
608551732
6279458089
6279975618
6279986418
6492331921
6492367617
7284026448
7284046260
7284062702
750690861
10497728943
10498077193
11732230455
11732272425
11733493356
11820603876
11820607006
12394813545
2219517409
2219523233
2220312874
2602690034
3804461369
3809253607
3899277059
3899279153
3900060798
4720890011
4721555530
4988734979
4989344008
4989360074
5096314303
5096911638
5096911950
539942956
540039267
5440913032
5497694405
5498285846
5593397926
5593399034
5670294902
6158664041
6158816565
6246445413
6247665303
6248176432
6602680623
7201326520
7201346064
7721568510
7756472312
7756472496
7756472742
8047221032
8047225142
8047226158
8047226598
8810440817
2213093218
2257547988
2423864888
2450161544
2457745846
2477871906
2479688606
2598688979
2599500042
2849497777
2849498613
2850330452
2902591727
2903470430
2903530486
3118047559
369446541
4257657019
4258414762
4258418616
4501152483
4501770658
5099658661
5100232718
626387657
626423947
627293626
6739487927
6739494085
7179795872
7189748072
7191690694
7708306446
7708307888
7708309574
8155179911
8155205218
8557871431
8558970800
8558988832
8653300067
8654391386
8768496841
8768546535
8773346090
9279767211
9282556000
9282584782
9838948093
9838968313
11285515
11865124785
11865559784
11865978146
1428403727
1428404497
2419777
2729398997
2730271392
2730500198
2779198886
2779203671
3297722685
3298515160
3298560930
3629372925
3630184852
3687286761
3687293943
3688101398
3732119603
3732909164
3732925942
3775613116
3778487203
3779296572
3779309242
3944406887
3944416479
3945201862
4012849323
4012850149
4438249053
4439026192
4439035736
5134074777
5134662696
5819438633
5820000028
5820006372
70503297
70503355
70503374
70503386
70503411
70503450
7748961958
9364892913
9364897817
9364925377
9364933303
9364940315
1811503757
1812346810
193788811
193792167
1944634552
1954858007
1955829324
2293879588
2392006703
2392826064
2778834633
2778877037
2779729550
3308439478
3309896949
3345798108
3393040676
3400936016
3434358453
3435368358
4598238923
4598254147
4598859698
4745834327
4746366668
5096278783
5096294117
5096883078
5554065147
5554649384
5602248226
5612266992
5618323622
6262627314
6274412785
6274935598
6279969201
6280493848
680313683
681206440
6891537864
7037629487
7037637227
8263945135
8264997786
9617660115
9617663457
9620901074
11751052205
11751275653
2313903253
2313907005
2314716412
2523921999
2524751584
2613272151
2614355710
2771191157
2771195589
2772039580
3170653137
3170658801
3171494112
3184878905
3185723398
3213336488
3312424155
3313259918
4105862885
4106629436
4106630562
5057268406
5059954072
5268900519
5269511496
5269516684
5285626787
5497365227
5497383891
5497974242
6077451511
6077910084
6868482726
6868533838
6910993947
6911141373
7014621337
7240599800
7255517110
7473823296
8219342345
8220412330
8220430998
9337149377
9339928766
9857533935
9857700925
10405932235
10753757385
10754056253
10754359856
138909924
1850748831
1851537978
2482772123
2482817075
2483652182
2976176423
2998910157
2999749448
3118939717
3249151290
3397472543
3398318160
3677692912
3978328679
3985102209
3985870074
4534113784
4791749541
4792311308
481406552
481415895
4846891629
4847512108
5138256361
5138857954
5138871926
6479937569
6479985501
6491462245
6491467667
6700323211
6700333445
6705245497
6947680571
7434957772
7669734690
7774626850
8754279689
8754330321
8755407226
8991943745
8991997243
8993176772
9203111957
9205897206
1694496320
1709429962
307605480
308612787
308613076
3172496917
3172500399
3173167500
3173195672
3173253844
3173282152
3173336908
4402166451
4423585993
4424354946
4881495115
4881502983
5652456005
5652466389
5653025092
5653025752
5653035956
5962728323
5965483157
5965597991
6182614679
6183133216
6393466943
6393469545
6393476483
6669387549
6669394175
7225611702
7225653660
7225654296
7225656268
7344192480
7572879188
7572897612
7572913482
7796609008
7796627154
7977555967
7985003756
902931145
903781782
903801192
9844312815
9844420835
11497521
2354714589
2363348833
2381941393
2461003831
2461005897
2757457623
2973783529
2973786433
2973792977
2973795209
2973797889
2974643492
2974658470
2974660580
2987910083
2987910331
2987911441
3672150750
486486289
486487275
4928044682
5118492449
5119094852
5119096086
5129198945
5131462330
5180507304
5987181786
5987191980
6691760823
6691853523
6848891996
72859222
72865178
72974619
7640005896
7698222
7698280
7847013976
7847017438
7847022646
7847027582
8560157573
8560166315
8560169897
8560179673
8560183049
8839283512
8839350484
####
Cluster 2
3100192297
3718483390
5677129582
5773527861
5777298390
5871980827
5872007993
5872537194
5872539894
5872570838
5900625846
6865246830
7228788406
7228828422
96837831
96841629
99211319
99211516
99211785
99211987
12010718044
167199979
24333403
2453298559
2510454848
2616792186
2629828405
2630630766
2630671840
2744360882
27483779
2764399631
296662143
3102751358
3216505410
330084330
36111109
3740142670
3769384363
3769398061
3769399435
3769402409
3769414581
3770210866
3940916652
471882301
4733390611
4734076758
5454973641
5455578324
5455589204
5538918645
5542895477
5543471390
5755073467
5976289312
5989440911
6031023315
6031579308
6582496711
6896216106
7042298535
7196668032
735596824
7817009124
8228426468
8330799711
8330831681
8331860376
8617964931
8642245897
8649140544
9533699830
9633835821
9637068712
9637076308
9637077268
10452220454
10452380743
10633240256
10658342883
10660546806
11702609283
11702889924
11703256956
1426473017
1427361820
1427400906
2411676021
2412427350
2412555618
2531726228
2532657933
2620004935
2620011333
2620834840
2690015153
2690113223
2691021202
2706099761
2706917898
2706918902
290352449
290355908
290360858
4027644415
4027659893
4028388706
4107887033
4107900033
4108663816
4685004355
4685641418
4771813139
4771817295
4772453986
5290237269
5290299717
5962309865
5962378219
5962862982
5962926542
6828739337
6828820619
7867553528
7931031804
7931060050
7931076060
8297422693
9420625927
9423395702
9423410798
12496887265
12497114985
12497320934
1428780040
1593640601
1594488068
218442543
2463745419
2463787037
2464609084
2685911327
2686716842
2718956990
2898280373
2899148700
2908480738
3093560172
3103006230
336290760
336298478
336303595
3829738107
3830534876
3853243966
4004620403
4005242376
4527531321
4528166814
4531616981
4532292088
4830650731
487263368
487290291
4966794437
5782582075
5782612605
5790803571
5959997957
5960555206
6459899005
6460233761
7468149150
7468174436
7770571480
8116513655
8354857679
9016320678
9846995484
9847031213
9847064833
10567142394
10795179754
10796250165
10796381114
11639889845
2485968757
2486787268
2486869688
2698097007
2877997839
2878831654
2892254997
2898659607
3753285856
3762687997
3763499450
4120530463
4872945123
5052652092
5134809005
5135330366
5135428564
5377710001
5377711513
6250104087
6254390703
6254920002
6912341571
6917829585
7906710108
8044745879
8044755196
8137624014
8247181063
8248244294
8415565267
8432810306
8524266698
8524295618
8664737215
8665837568
8725883454
9172660148
9262984273
9265833236
9285920370
9285980834
9567251651
9570078036
11510584043
11751332805
3274153053
3274973326
3274974494
4015978965
4026690998
4043632820
4132502983
416544407
416554563
416555267
4166177593
4166936124
4168074305
4168840262
4230586007
4231361586
4263382187
4264129420
4455558382
4478633745
4479259180
4547995996
4775701170
4805378823
4806007504
4806014250
5038159909
5038776816
5051526321
5052130916
5110465307
5110554397
5111101594
5258178285
5258781954
5455990367
5456307371
5456826924
6851594024
6908256748
6997718055
8020635370
8020708961
8395113713
8395136279
8396200090
8989919671
8999736643
9004176518
10719836514
10720025863
10892161045
10892303164
2261544521
2262114667
2262891548
3144840151
3145640418
3145664852
3298324199
3299113152
3433124884
3442998223
3443824338
347111869
347112658
3821454361
3822257786
4268082663
4268085925
4438562389
4438567645
4439343790
4440874449
4441652196
4441655880
501731164
501760895
501810169
5270765101
5271363586
5502380625
5502974018
5542402213
5542977674
5542986770
6932951300
6933001284
7079071331
7381878620
7381937950
8301489829
8302530592
8302546500
8513657035
9506816864
103560488
103569212
103573052
103574946
1306855842
1516342106
1523281215
1979433292
2356258145
2356264285
2357092050
2579660906
2829747023
2829751953
2830587346
31735699
31802280
32118529
36031964
4090707851
416345707
416352197
4207511469
46262143
471121914
471158657
4734226554
4764567753
4764577121
4765206950
4827670738
4981209783
5338890939
5338892397
5362765655
5658458626
5927509527
6017338383
6150928494
6151108479
6151656160
6178572983
6178609453
6193262281
6226116211
6374585223
7421929486
8045916257
8045924078
8045929798
8434377050
10045482563
10045665564
10045898593
12045478526
135115501
135116398
2183301183
2184089934
288051306
2951102363
2951917734
2981858036
3472449933
3629163439
3898269458
3951806833
3996164462
4308895697
4313364034
4316736733
4316759251
4317495448
457722692
461601946
470006382
4900990689
4912099789
4930867307
5041872853
509939994
512080161
5175915255
5176521224
5250933407
5251534830
5251536390
544696551
5950661603
5950736297
5951264886
5985080896
5998990995
8492106849
8492167659
8493324986
8877205941
8877224307
9067737103
9067745863
9069968528
10427997426
10686632825
10686683314
10686863483
11429035764
11494181795
1806444675
1806459121
1807313938
2432861631
2433675624
2433677046
2829537930
2829539120
2976181
2976220
3259034411
3259867328
3292055233
3292900142
3298430031
3298433827
3299261206
3530775049
3531586644
3770770479
3771568410
4458397675
4459176836
4459178306
50729190
50742683
50742923
5350122803
5350746618
5715422061
5715459675
5715966740
6044948309
6044975521
6045508512
6494683873
6494711785
6624575811
6624622199
8557266074
9960426144
11165601563
141676584
1464170518
1973118421
2155435775
2253323890
2676126339
2676129841
2677780629
298035843
298038233
3393443276
3580290951
3581099408
3581136634
3769113313
3769135761
3769922282
3825156933
3825228367
3826021908
38391649
38399148
3980160281
3980170413
399609903
4049645675
4050390666
4519468214
4646928511
4647546444
4680179205
5091309912
5178456328
52051593
52052146
52052845
5214135368
534444862
5500624097
5501223774
5683051653
5952559966
6099601258
6375744231
7181452741
7366682518
7568465888
7568484956
7568503350
7959548330
7959562516
10474547324
10523803074
10559720545
11367716826
2312989469
2313010863
2526821247
2529908955
2530728110
2784174718
2830902241
2831723610
2831800840
285688613
285689999
2907068295
2907425156
2907433870
3470957417
3471789724
368382456
3770006391
3770758676
3786572822
3843321335
3934445785
3944714517
3944725421
3945509304
40217554
40222618
4086059767
4286176767
4286914204
4286929742
477025836
477046843
4805371335_1
4805378823_1
4806011196_1
5207618276
5336594367
5337297744
6339770591
6915331919
6915332765
811688950
8717209603
8717212077
8718333100
1079804377
11401005065
11401079976
1763635451
1763671667
1764523648
243219574
243222439
2800022495
2800865380
2800875062
296736016
296740233
3485942395
3486757968
3676728263
3676835261
3677642648
382180684
421994283
421994357
421994419
4678405231
4678737084
4815287512
4826103283
5734661194
5909971151
5910089397
5910640882
6754812921
6754847251
6754878301
7621475744
7621482824
7621490054
819729391
820603106
8266274967
8266337299
8267379220
84458398
84522771
9324326243
9324388571
9327178314
949287700
9545326009
9545558487
9548317540
11932875205
2276555071
2277349260
2277359774
2559568764
2971710476
2972884821
2973558128
3434856139
3435593588
3862843013
3862885131
3863669406
4573468987
4574103592
4848907167
4849524912
4871468744
4889795778
4889825988
5058427508
5061776617
5062372272
5062925891
5062939109
5073934301
5636685913
5637265460
59041129
59041346
59041491
5951182393
5951684974
6829082544
6829116522
6943840258
6971269095
7091156673
7294655744
7294702600
7294754056
7767239584
8383348833
8384431504
8384439112
8482129940
8482554825
9687295393
9690528714
9694026479
10195795404
10195898496
134288445
135041471
135051329
135403450
135405610
1490268307
1491113882
2297434789
2298245598
2298256116
2337424477
2338258482
2682967547
2682992257
2891727603
2892429779
2892570408
3193677513
3193686949
3194525358
3198048964
3306554623
3307387676
3307391506
3658453284
4287911247
4288647036
4382420643
4424697607
4426886553
446147662
447173845
447220443
476507546
476518583
476521787
5300406547
5301009992
6886324094
7032421503
7754467812
7754472466
7948839448
7949006720
7949109780
7996662856
7996680768
1001205877
10920918066
12282925203
1427731797
1428611460
1808089009
2177842235
2178005961
2178789974
2492113392
2549546418
2982903349
3127265065
3160663901
3599903709
4500261541
4500879888
4500909144
4635284819
4635890000
4635896774
4650275407
4650777700
4650951362
4738035332
4760828679
487241138
487637593
487688433
5109561257
5110023680
534510578
5642967706
7943346658
7978948686
7979807123
8207582553
8207584161
8314752968
8372898521
8373978560
8997877055
9037431690
9042919527
9290463533
945313861
9792709704
9792770765
9792813893
12281705194
169894963
176087209
176087622
176088141
2165733023
2165879901
2166538070
2166654104
2201679053
2209829725
2348425577
2349259180
2366418145
2366439529
2367255788
3178666743
3179502436
3239779492
3239788122
3255625935
3352301331
3410032345
3410860242
3940590124
4062568003
4062570069
4063318506
4295926845
4296700092
4636860280
4683653489
4684078910
4707151533
4707179963
4707775922
4822522725
4823133798
4854723355
4854744441
5392682851
5394167331
5394728194
5865973377
5866528554
5866559996
8685321724
8688529819
9027337533
9029637884
1618199054
199555651
2492169221
2598275817
2598292317
2599119168
275686095
2921958007
2922767334
2922855998
2967980386
3161267785
3162088564
350308932
3760144251
3760872678
3885662543
3886456298
3886525796
4016826847
4016947621
4276880289
4276893583
4277653600
4472159392
4472419172
4760014329
4760427447
4760975624
4824903132
4881426131
4882030814
4982450323
5199658391
5200254472
5312566166
5450278548
5659996309
5991876885
5992431508
5992433354
7190120126
7195561558
8325470011
8326527310
8326529290
8933604583
8933609343
9524741891
9535909325
9538774254
10659727256
10659977343
2633418313
2634252594
2634312712
289622192
296028136
3098875501
3099718398
3200096481
3230063703
3237255951
3691776525
3691842633
3834627447
3834643787
3835444284
4633186615
4644064553
5229209697
5229795872
5327193995
5327199565
5327806532
5527860673
5528463742
5625149301
5625194905
5625771160
5633827485
5636720927
7154217817
7193177754
7193398586
7259471032
7259489050
8051561876
8051589827
8051599470
8190308730
821428749
821432141
822308166
8266528200
8363954277
8365014268
9254681901
9254689129
9257467100
1185030120
158849998
2131411401
223914037
2703127043
2733053522
2745260276
2765059913
2852785492
288836087
2961655365
3567985611
3568155965
3568956904
3570653642
3638208265
3639016808
3668230420
3710372933
3711187764
4075754559
4076508626
4077970907
4495148807
5012620118
5082875009
5083471958
5083481624
5398427797
5454163697
5454773902
5550473443
5551057040
5618072605
564171359
6223889433
6880110653
6880116585
6880121837
7167485351
7333983470
7344780326
820984990
8415498417
8524432176
88493811
88494548
88494850
185127397
185127710
185128089
2114669011
2115455536
2305645837
2409099486
2777095216
302435192
3259427928
3294094001
3294903108
339509632
3415766329
3416544132
3457810042
3457812108
3469479001
348579541
3492543897
3492552853
3493368992
3780146172
3976561568
4104107996
453088898
453106757
453107383
4703314180
4711347835
4711995478
4960117011
4960131477
4960722076
5143874639
5144470020
5568735605
5569321452
5569373536
6970820032
6970821004
7116897827
8027038398
8027052874
8104349367
8104365500
8104370576
8581050477
8582151364
8582152602
148880487
1685434866
222135524
222153970
222181157
2350206473
2355333615
2356355806
2696029395
2696594148
3029355103
3030568772
3407591603
3413127243
3413194079
4216543999
4219797403
4220640906
4263276405
4263281867
4348309547
4348372947
4368005437
480418904
480420136
5169435857
5170038692
5170044446
5229638835
5230230282
538263047
5631278579
5631861250
5635242532
5758321267
5758921508
5834678415
5834728587
5835243068
608313727
608555652
6279460063
6279975794
6492323329
6492335561
6492373237
7284029260
7284051378
7284065246
8452020262
10497743996
10498114484
11732354385
11733052316
11733591956
12394260295
12394680724
12394892604
2219518847
2220309998
2220313474
2747941419
3805376786
3809264233
3899277679
3900059440
3900060924
4720894817
4721556302
4988737127
4989345320
4989365306
5096314397
5096913262
5214586746
539949700
540047657
5440914078
5497694809
5498286750
5669720195
5670279820
5670296210
6158674487
6158828361
6246446035
6247665743
6248177408
6602682907
7201332494
7201347740
7721575202
8002084261
8004818924
8047212151
8047221157
8223561412
8810437275
8821025202
8821028134
2214646871
2258160457
2440618445
2450162628
2457746116
2477873668
2479738318
2598690365
2599504754
2849497989
2849498673
2850330508
2902651005
2903479300
2903532388
3118869290
369446910
4257658009
4258414830
4258419896
4501765022
5099625465
5099679869
5100271980
626390527
626425111
6739484063
6739488965
6739494919
7189671892
7189752932
7191700558
7708306700
7708308116
8155015011
8155183601
8155206766
8557876311
8558970954
8558989306
8653303931
8654402912
8768516369
8773245552
8773360440
9279813863
9282559098
9838838294
9838952953
9838973373
11285634
11865424513
11865560484
11865978416
1428410597
1429280642
2419784
2729466735
2730391894
2730527690
2780638617
3020386296
3297727311
3298517012
3298563892
3629404073
3630189388
3687287373
3687294985
3688101934
3732129443
3732911332
3773757247
3777250659
3778500481
3779301158
3779858283
3944409335
3944418229
3945219566
4012849691
4012850819
4438251523
4439026700
4439035966
5134077951
5134695840
5819441165
5820001188
5820007838
70503523
70503722
7545558604
7545562786
7748949834
7748954478
7748962450
9364970339
9367758822
112243571
112244042
112244851
1812346070
1812347970
193789218
193792888
1944634590
1954858039
1955829430
2391990493
2392010919
2392830330
2778848263
2779695912
2779738426
3308441962
3309898393
3392225125
3396193652
3400936956
3434361581
3435446916
4598243005
4598255209
4745749035
4745838465
4746416920
5096278947
5096874748
5096883348
5554065539
5554649508
5604422261
5612267858
5618324404
6262628206
6274414743
6279892153
6280417560
6280505010
680394297
681223248
6891540298
7037630201
7037637371
8263963365
8265039974
9617661329
9617664129
9620901280
11751129883
11751292774
2313903839
2313907535
2314720094
2523930235
2524759686
2613284933
2614359260
2771193533
2772036020
2772040972
3170653823
3170659495
3171494954
3184881083
3185723606
3312398493
3312428867
3313264608
4105863265
4106629618
5056614025
5057317848
5059955700
5268902791
5269511646
5285625077
5286222758
5497366735
5497388857
5497980908
6077486331
6078127064
6868509120
6910897237
6911003027
6911164987
7014628395
7473334684
7473789642
7473828404
8219343527
8220413134
8220432002
9337152291
9339929824
9857556716
9857704455
10423178764
10753820836
10754058903
10754361846
1850401943
1850761519
1851554226
2482775717
2483574130
251982623
2976178615
2998910511
2999750460
3168952218
3259219916
3397500309
3398324266
3677693352
3985075445
3985111577
3985873730
4791684371
4791772681
4792317644
481407168
4846887335
4846893179
4847512208
5138260287
5138861770
5884122323
6479939945
6491457719
6491462977
6491468795
6700328527
6705163319
6799483464
6947680687
7434976748
7669740696
7774639336
8754282065
8754334063
8755425458
8991950803
8993141420
8993188812
9203112839
9205897640
1698065985
1712659557
307617800
308612814
308613113
3388813749
3388816703
3389624832
347369751
3567762071
3568564146
3568617568
4402903800
4423591761
4424355700
4881495417
4882069104
5652457927
5653019042
5898163583
5898175457
5898734700
5965409463
5965598007
5966004686
6182651249
6183151602
6393467375
6393470559
6393480825
6669388585
6669394827
7225647014
7225660196
7225967714
7297934902
7410386728
7572885618
7572898836
7782669660
7796611978
7796629998
7977595050
7987838759
902931161
903781792
903801204
9844318876
9844427733
11497536
2355546016
2363349001
2381941563
2461004307
2461838546
2758295412
2973812827
2974669464
2988768224
3657298870
3664958553
3720935484
3833338131
3834163666
3838683828
3885459460
4737784423
486456458
486486707
486487809
4928049724
5118492559
5127732901
5128352008
5129765888
5175933457
5180513666
5987181850
5987192110
6691761153
6691855355
6848901676
72860398
72866324
7639980088
7640020774
7698231
7846944456
8561274812
878234910
8838743915
8839312532
946553486
9554758187
9555654399
9557820464
####
Cluster 3
1288780397
1674808621
1675682410
1831692999
1831719961
1831925575
1831927179
1832529568
1832533352
1832534872
1832536520
1832538318
1832541240
1832544374
1832545692
1832755256
2058915459
2058915725
2058915961
2198567778
2198568402
2198569082
223803687
2517322077
2518138434
2526804633
2681336999
2681345861
2682134070
2682134074
278544757
278545009
278546233
278547325
278547939
282276797
282279870
282288074
282306405
282314017
282317537
282324684
282328625
2872336521
2872339127
2872340457
2874444931
2892908876
3070534991
3082007427
3100190139
3106390483
318612384
318612843
318614132
318617097
3296559575
3337175001
3717669919
3717672447
3717673599
3718482162
3883509580
3892187606
3892794411
3893583794
3893921987
3903127652
398654456
40221687
40221740
40221751
4039417307
4039417311
4039417327
4039417329
4039454813
4039454903
4040194494
4040194500
4040194502
4040194506
4040194510
4040194518
408681016
417537329
4519592575
4555645157
4569995457
4649244270
4818781521
5163879207
5163881339
5164486340
5172184052
5187089053
5187687918
5193321637
5250102031
5250705062
5269719795
5269720571
5464344376
5773417047
5776755867
5862117267
5871990869
5872020703
5872538040
5872558094
5872576110
6865246244
7011360791
7228807544
9333818080
96841974
99211296
99211505
99211695
99211924
11467896214
167199643
23059414
24333537
2509627375
2587362435
2629823425
2629854379
2630646886
2674622586
27483771
27483952
2925208666
3043871600
318465876
330074636
36107502
3739978971
3769378067
3770033664
3774457925
3774492333
3794908039
3795731120
3795733392
461817428
4733382879
4733513733
5315469321
5454988509
5455586790
5455601708
5542871699
5543455392
5563453005
5976285938
5984541482
5993419426
6031579036
6292210355
6896204402
7042267503
7134958169
735587018
7814794598
8181777060
8263232359
8330803139
8331858452
8452074061
8619074856
8643347864
9372973814
9633828985
9633861447
9637083034
10452102556
10452204986
10452320753
10633216604
10658246995
10660522504
11702190835
11702730615
11703017533
1426403537
1427343546
1427389680
2411563411
2412391894
2412475388
2531086231
2532642343
2533475250
2620008187
2620834132
2690010339
2690111475
2690965424
2706098941
2706917478
2706918472
290349674
290354671
290360091
4027628555
4027655541
4028380134
4107884203
4107895469
4108657666
4685001363
4685637434
4771811647
4771816811
4772452030
5290225123
5290298147
5290887022
5962374839
5962845226
5962940222
6828724543
6828814379
7867545190
7931029930
7931058042
7931074024
8297364063
8298434572
9420660041
9423407180
12496565503
12497065235
12497260794
1428779394
1593637477
1594465288
218442238
218443542
2463764943
2464598498
2685907307
2686712866
2686727136
2837147288
2899117016
2907638727
3093557056
3102174199
336289276
336294636
336301787
3829736657
3830534494
3852429547
4004481791
4005081942
4005718500
4528155676
4528643888
4532153496
4622498763
487262328
487289139
487293857
5536324142
5782598719
5783161424
5959992363
5960538920
6459896823
6460231807
7468141678
7468167088
7468196656
8116493817
8343225304
9015164343
9846930764
9847017654
9847052326
10452862095
10794341375
10796199376
10796304015
11349002284
12393320174
2486786508
2486817094
2697958859
2698929624
2878584519
2879419816
2898561843
3752501739
3762679143
3763486668
3867236296
4382797890
5052651566
5134728523
5134828079
5135420928
5377709663
5377710877
5378310692
6254346601
6254880864
6912340885
6912342569
6921238023
8044744331
8044749771
8044758376
8140825662
8247197197
8248260144
8431308366
8523169277
8524288580
8664737149
8665835354
8724766937
9172653230
9250905871
9265771882
9283161445
9285930254
9546732080
9568121914
9570089356
11548229355
3274152973
3274154165
3274974384
4015978473
4025944623
4026698104
4132501207
4133266622
416544904
416555018
4166176889
4166931160
4168069807
4168835572
4230569443
4230618661
4263380843
4264127650
4455432619
4478631503
4479258406
4547380971
4554246069
4805378035
4806004078
4806013012
5038159283
5038775500
5051519217
5052130156
5110456339
5110542687
5111088090
5258171321
5258780260
5455974961
5456203417
5456739856
6100462083
6908256296
6908262278
8020591964
8020705174
8020756310
8395130859
8396193130
8989887343
8992695386
9004171684
10719831656
10719944656
10892160195
10892195586
2261541185
2262110969
2262366628
3144821887
3145638910
3145656440
3298320531
3299102656
3433119864
3436239581
3443809302
347111759
347112521
3821453739
3821656975
4268081991
4268085715
4438562165
4438566597
4439340094
4440874351
4441651944
4441653048
501723368
501748490
501786641
5270759359
5271360770
5502380097
5502970794
5542401407
5542407583
5542983848
6931850042
6932998764
7079069595
7381824992
7381927534
8301483193
8301494923
8302544538
8513655611
9504113415
10125352554
103568891
103572526
103574519
1306850114
1486670103
1523277395
1979427420
2356257745
2356263285
2357091390
2579660742
2612111118
2829748803
2830585968
286430209
31799359
32118433
355399445
4021813422
415961769
416352187
416354018
4619787693
471121204
471140587
471159885
4760893313
4764574219
4765202794
4797516958
4913332740
5338890507
5338891677
5353149648
5559130836
5927507581
5928070030
6084535990
6151087439
6151655626
6178567211
6178587701
6193253161
6226110353
6232867321
6983364903
8040025822
8045921381
8045926392
8185759807
9186319976
10045665523
10045868856
12045021564
135115317
135116270
2183292799
2183317649
2835779103
2951064223
2951861710
2980998033
3472230091
3536116282
3710731224
3951834477
3966587496
4308743207
4312636941
4316681859
4316754111
4317482112
457721934
461600955
466220980
4898405013
4910005618
4928814004
5041829373
509939988
512080155
5175914251
5176518500
5250933271
5251534158
5251535876
544583874
5950655857
5950693927
5951260060
5984516769
5999524850
8492102621
8492166039
8493307976
8877204767
8877221455
8877813508
9067742495
9069965246
10427994505
10445375913
10686677944
10686860083
10686882603
11429175363
1806437297
1806455411
1807296328
2432861455
2433675496
2433676472
2828702301
2829538812
2976176
2976218
3259033655
3259863724
3259899290
3292872806
3293128036
3298433747
3299261094
3530767989
3531584126
3770755143
3771560958
4458397575
4459176664
4459178080
50729167
50729266
50742900
5350122501
5350744768
5715411349
5715452149
5715960076
5716020802
6044966447
6045506808
6494678493
6494704507
6624571617
6624618545
8557265820
9960411914
1043162867
141676685
1464161634
1635527310
2155432849
2253322020
2312250788
2676129389
2676945944
2843414085
298037756
3298078412
3580287701
3581097520
3581135722
3769106675
3769134635
3769914248
3769942572
3825204493
3826010074
38388916
38397358
3975541205
3980167079
3980928580
4049644957
4050390500
4511272595
4646924081
4647533964
4647554416
5001745154
5178401138
52051466
52051938
52052758
5213559317
5217784116
5500621361
5501212372
5683037151
5688602988
6014452870
6336162044
6528444885
7321201938
7423393338
7568477022
7568496402
7959543024
7959557782
99225218
10523789076
10536163974
11367710756
11367884653
2313009581
2526819633
2529904153
2530726828
2783321037
2830891655
2831712528
2831788216
285686822
285689770
2906589201
2907419942
2907432762
308207507
3471787882
368382247
3769976991
3770718872
3770988666
3843319247
3844105198
3944424229
3944724351
3945505712
40217553
40222617
4086056583
4286173391
4286196741
4286923810
448441805
477045951
477374463
4805378035_1
4806007504_1
5207030867
5336576895
5337290332
633466358
6908787505
6915332615
6925748483
8717206597
8717210833
8718332522
1079772069
11400980065
11401073634
11401200993
1763665829
1764492226
243217057
243221345
243223453
2800027169
2800870804
296734019
296738583
299118588
3485999357
3676723431
3676833557
3677557996
382180583
417793156
421994338
421994402
4678405185
4678489817
4815285674
4824801346
5734659764
5909022967
5910084259
5910548240
6754793561
6754842711
6754866751
7621474796
7621481940
7621487114
819723003
820570356
8266180779
8266333697
8267375900
84444684
84458576
84532558
9324370737
9327129776
948633075
949531782
9545507983
9548145406
11932547526
12181478664
2277346734
2277357422
2559567578
2970868951
2972884059
2973556560
3434847955
3435563002
3862839903
3862857911
3863653990
4573468731
4574103466
4574103934
4849516402
4870860687
4889210017
4889822800
5020368815
5061770993
5061782873
5062400094
5062937495
5073935679
5636669503
5637183904
59041104
59041202
59041461
5951174457
5951675164
6825144990
6829098254
6943820680
6971258817
7076962947
7294646882
7294698590
7294738066
7767231656
8383346711
8383350983
8384434278
8482122842
8482553941
9687286391
9690526818
9690554722
10195735684
10195847363
134073694
135039961
135049429
135403418
135403487
1442822407
1490283217
1491136894
2298244566
2298252544
2337424251
2337424793
2338259044
2682990547
2891518357
2892422259
2892564608
3193676809
3193683061
3194523092
3197209447
3306546275
3306560227
3307391252
3328278403
4287908119
4288646080
4288652080
4409398014
4425470286
4427669570
447166620
447212881
447254085
476511044
476521675
476878108
5301005480
6886316262
7032411801
7754466736
7754471262
7754475108
7948991128
7949093624
7996660780
7996675007
8974607384
10920862756
11446206564
12473411905
1428450809
1429326778
2078747989
2177988767
2178640974
2372116625
2548817981
2982903155
2983760098
3160497097
3161449482
4500230381
4500281027
4500892932
4514773719
4635292975
4635895062
4650156771
4650317765
4650900590
4702756294
4760827875
4761460388
487608986
487658962
5109416237
5110019082
5110169706
5642396911
7102031927
7969160832
7979796403
8021565580
8207583813
8239290674
8372892473
8372935057
8374000518
9037392252
9042841404
9162227202
945294245
9792667384
9792763474
9792811116
12281698394
169894832
176087097
176087515
176088060
176088623
2165746891
2166535100
2166640208
2198543144
2209780543
2234610680
2349257988
2366407579
2366435935
2367250226
3178666113
3178671427
3239776630
3239785078
3255623987
3352295829
3410022211
3410857260
3940589120
4062567643
4062569581
4063318122
4288613239
4296697498
4636268953
4683480527
4684074762
4684246156
4707179957
4707775918
4822521655
4822526915
4854720307
4854742011
4855362442
5394159515
5394720638
5865970925
5866527166
5866554618
8685319514
8688489893
8693891765
9029632712
1617315903
199555638
2490343911
2598267621
2598289307
2599112732
2738576267
2921951447
2922761252
2922822312
2967134339
3161262849
3162081566
3162100804
3759753035
3760515910
3877349119
3885725243
3886520566
4012521236
4016940987
4017744304
4276888849
4277650218
4471758695
4472299636
4472535510
4760099615
4760966330
4824282401
4881423519
4882028904
4882036306
4983144006
5199670961
5312004291
5324578005
5620652441
5991873775
5991877927
5992432566
7189687334
7191423430
8325469161
8326526524
8326528622
8933604303
8933609163
9524726579
9527576532
9538710516
10659584605
10659941403
10660106983
2633493377
2634283010
289510364
296026446
296041301
3099697004
3200093159
3230063449
3230913812
3691759055
3691825461
3692619372
3834639707
3835427898
4633046329
4637524520
5229202579
5229788340
5229818440
5327197291
5327804408
5527856931
5527877199
5528474866
5625187055
5625766310
5633727625
5636614113
5637179330
7193109366
7193374718
7259466352
7259485734
7259499424
8051584689
8051598649
8189229315
8190316616
821431857
822307824
8265465341
8363946603
8363959407
8365028594
9254687593
9254697233
1185018782
1345399308
158867236
223913777
2703105035
2732239407
2744426511
2765054479
2824813143
288817420
2961653657
3560383506
3568140825
3568400411
3570535404
3638203355
3638276555
3639085712
3710370971
3710486377
39767184
4075755931
4076509600
4079189370
5012252114
5082873721
5082887495
5083478858
5398421135
5399044198
5454767960
5550461819
5551054280
5618071677
5618664016
6223862541
6532214869
6880115593
6880119369
7159572863
7333982016
7344780180
820107161
8338123973
8524417128
88493630
88494321
88494711
185127156
185127601
185127930
2114667185
2115446472
2115458866
2344153405
2776237149
302435170
3198731514
3294091857
3294124405
339503934
3415734081
3416539692
3457809436
3457811362
3469476213
348579535
3492543387
3492549941
3493365324
3779346675
378899722
4104104324
4451586904
453089874
453107137
4700846120
4711345611
4711986072
4769609553
4960126389
4960717696
5143871189
5143884079
5417372727
5568778045
5569353718
6348991474
6970820724
7116897631
8027033562
8027049091
8027063033
8104354217
8104370020
8581050273
8581051105
8582152358
872985950
1673365514
222126959
222149556
222173555
222216610
2355224669
2356281548
2695689161
2696317926
2697000780
3030568636
3407588881
3413122673
3413187501
4216527527
4219774445
4220627956
4263274581
4263280839
4264051686
4348323249
4349131322
480418362
480419960
480431997
5170039958
5170042850
5229638741
5229639759
536008018
543179841
5631279819
5634661359
5758208845
5758916622
5834654687
5834725609
5835177370
608309425
608547460
6279453305
6279974390
6279987718
6492330635
6492356293
7284027740
7284044240
7284060516
741255779
10497718194
10498053933
11732322485
11733036173
11733289864
11820609696
12394625055
12394879335
2219515207
2219523735
2220312598
2454740579
3805261350
3809258995
3899276739
3899278965
3900060618
4720891855
4720907573
4988731805
4989342490
4989359664
5096313677
5096912250
5213999239
539919028
539966422
5440912328
5497692837
5498283136
5669701655
5670274044
5670292258
6158593295
6158794323
6159329428
6247664891
6248175984
6602678237
7201322828
7201340360
7201355302
7756472964
8004818828
8047210671
8047220044
8222473671
8810436711
8821024424
8821027922
2213092852
2217335676
2423863366
2441448480
2457745660
2477871254
2479686758
2598486281
2599312272
2849497641
2849498351
2850330306
2902585749
2903435370
2903526246
3118040593
369445762
4257656589
4257660395
4258417618
4501762660
4501788190
5099670993
5100256572
5160401002
626422679
627289094
6739487013
6739493259
6739504555
7189732106
7191685656
7708306180
7708307688
7708309292
8155178515
8155198192
8557862523
8557891475
8558986902
8653297845
8654383558
8768460867
8768541971
8773336198
9279762379
9282555290
9282586236
9838945473
9838965013
11285399
11285970
11865559554
11865972836
1428409401
1429278230
1429294428
2729310629
2729663827
2730473700
2780060136
3020386076
3297716571
3297737361
3298558312
3629359103
3630177754
3630233340
3687292619
3688100320
3732092259
3732906892
3773755365
3775516933
3778484761
3779294788
3779308462
3830392970
3944415507
3944438441
4012849233
4012850063
4438250977
4438256039
4439035296
5134058047
5134644088
5582121742
5819445027
5820005710
70503492
7545556044
7545558164
7545559752
7545563786
7748953176
7748961536
9364960351
9367735494
112243180
112244038
112244448
1811503423
1812346600
193788469
193791736
193802181
1954857979
1955158259
2293092517
2392005615
2392827886
2778840281
2778870073
2779716348
3308185446
3309873475
3317145289
3393038960
3400934744
3434356807
3435157084
4598239599
4598250239
4598848520
4745825323
4746393844
5096278363
5096285773
5096879628
5554065419
5554649466
5601664567
5611687251
5618322370
6262107581
6274411655
6274423779
6279965095
6280499600
680290015
681202774
6891536334
7037628693
7037633887
8263939731
8263978315
9617659901
9617663181
9620898086
11751044075
11751269183
2313902629
2313906127
2314715700
2523921613
2524738124
2524771260
2614342944
2771193237
2771194339
2772039126
3170652501
3170658109
3171489052
3184875263
3185715876
3185726020
3312421765
3313254336
4105862127
4106629292
4106630422
5057313604
5059343337
5236687054
5268904525
5269515926
5285625961
5497362355
5497378599
5497969214
6077442803
6077891352
6868463116
6868578544
6910962599
6911155485
7014610535
7473328636
7473784730
7473817902
8219336145
8220410000
8220421212
9337146253
9339923372
9857547165
9857695785
9857793423
10650631163
10753880654
10754351066
138909372
1850703607
1851515838
2482764143
2482789731
2483644362
2943175092
2977032484
2999750116
3039742328
3215991839
3397468387
3398303642
3676878611
3952254100
3985098227
3985836358
4216955108
4791735809
4792290086
481403732
481415219
4846891119
4847511916
5138246823
5138854992
5138871416
6479935103
6479983763
6491461471
6491467273
6700321899
6700332883
6705243765
6947680431
7423569506
7669731928
7669799210
8754279197
8754314739
8755397068
8991938569
8991977797
8993169230
9203108375
9205893280
1693648021
1709427114
1721103986
308604130
308613046
3388813619
3388816651
3389624448
347358821
3567700775
3567829989
3568608944
4402144343
4405330628
4424352348
4881494463
4881501233
5652448759
5653016770
5898162139
5898171817
5898733584
5962728317
5965598001
5966004680
6182610457
6183112194
6393466521
6393469985
6393472425
6669386945
6669393537
6743328533
7225658834
7225670612
7293028228
7316675006
7572877164
7572895076
7572912284
7782729652
7796624328
7977532043
7983746133
902931121
902952215
903801176
9844286406
9844395755
11497515
12542204
2362686268
2374245666
2460992107
2461838060
2461840310
2973809637
2974663894
2988766914
3657298650
3664958429
3720123843
3833178895
3834138296
3837849261
3885456070
4737782855
486455928
486486203
486487191
4928041884
4928693106
5119096654
5128347276
5129174513
5131462222
5179922617
5987181708
5987191936
6691760003
6691852653
6691921481
72858342
72864032
7323923
7640013522
7640050602
7698257
8560183303
877384903
8838729545
8839299322
945742711
9554397299
9555642369
9557411120
####
Cluster 4
1674805035
1675788826
1675790948
2058916245
2058916965
2058917075
2059701494
223803205
223803241
223803289
223803340
223803380
223803444
223803485
223803556
223803726
223803781
223803831
223803883
2681337007
2681337017
2681337025
2681345863
2681345865
2681345869
2682134054
2682134056
2682134060
2682134066
276319569
278546373
278547181
278547706
278548241
278548445
282297251
282304862
2872331799
2872334059
2873157332
2873158508
2873159696
2873162268
318614474
318615210
318615485
318615817
318616047
318616209
318616691
3379261271
3379263383
3379488139
3379491345
3380078874
3380308894
3718480452
3718485998
3796287545
40221657
40221670
40221707
40221721
40221775
40221783
4252617618
455623079
513594929
5187088383
5187088529
5187088597
5187088803
5187088935
5187089159
5187098973
5187687664
5187688058
5187688136
5187688318
5187688576
5256492464
5262805006
7011360169
23059365
2465223599
330062705
330072686
330089856
330096935
331229065
339911248
3739368855
3739394657
3739398765
3740182754
3794894685
3794899663
4733364893
4733442349
4733448733
4733463223
5091231717
5454982227
5975733919
7305207350
7305211204
8112078862
8331858266
8425694581
8438064102
8690060316
8693768333
1426506491
1426527283
2620833166
2689927019
2690004771
2690953116
4685633294
4685634044
4685636170
5962387175
6828748431
6828825667
7867583610
7931033728
7931061930
7931080032
8297428311
9420634137
9423397566
9423415856
11370126356
12497128795
12497387424
1593561917
1593676427
1594509232
218442599
2463748497
2463789333
2464615440
2685896883
2685906651
2686725548
2898308633
2904231145
3092716777
3093561204
3103007040
336291419
336299144
3770431016
3829738249
3830535032
3859608467
4004643769
4005254266
4527723097
4528181226
4531625489
4532322806
4831261338
487283735
487290807
5200000437
5361689701
5782615967
5959959399
5960505480
5960555688
6460218519
6460234631
7468153900
7468178994
7770574244
7770596078
9015146173
9016330414
9847007276
9847044334
9847103976
10452850345
10795242033
10796261776
10796422683
11960519616
2486048401
2486786062
2486786290
2698098633
2698917906
2698918792
2698919922
2698921774
2698922556
2698922918
2698926334
2892271777
2892273509
2893099220
2893103858
2893105540
2893109012
3582022234
3582023192
3752495827
3752499729
4194071651
4194782836
4236720636
4240212610
4267806859
8044755598
8044757470
8247182899
8248245890
8415571739
8432860618
8524269108
8664734855
8664737277
8665837604
8725883532
9175139134
9262997415
9263073009
9263078701
9265752334
9265764178
9265852120
9283153097
9337931899
3274153293
3274973614
3274974810
4007551439
4026692112
4043635278
4132507059
416544501
416544843
4166167575
4166180925
4166938142
4168830104
4230506943
4230590429
4263243247
4263382931
4264133268
4456203296
4478634303
4479259790
4548003318
4805371335
4805386049
4806008340
5038155453
5038769684
5038777282
5052122246
5052131860
5110434517
5111011712
5258168883
5258179399
5258787944
5456049799
5456522918
6098236714
6908252562
6908257720
7054346561
8020643417
8020714043
8020755507
8395143153
8396201460
8989926863
8999745213
10719728165
10719842495
10720074313
10892194156
10892195306
2261563121
2262327944
2262894346
3145628812
3145645062
3298273427
3298324867
3299113566
3433126764
3443002977
347111281
347112073
347112853
3821454899
3822259678
4268083017
4268086067
4438562503
4438568385
4439344256
4440874523
4441652298
4441656078
501736428
501761869
5270752231
5270767869
5271368462
5502383739
5502976066
5542402543
5542406583
5542406929
6932954160
6933001888
7381707174
7381886208
7381945686
8301490949
8302531376
8513647285
8513658387
9506844954
9506880930
103569702
103573258
1039576012
1434412981
1516349522
1889799985
2132545386
2356259091
2356265081
2357094424
2516194346
2829747487
2829752767
2830587782
31737040
31802307
31921946
36535126
3970789234
416345714
416352200
4208275282
46428204
471139704
471159319
4734227438
4764571853
4764577911
4765208242
4827691370
5024973996
5338890009
5338890213
5363377140
5539659661
5927510743
6030248964
6150948924
6151108623
6151656284
6178575875
6179095564
6193264099
6226118231
6445111245
6825563755
8045916765
8045924676
8045930304
8505375057
10045488655
10045737995
12044649575
132872354
135115675
2064729309
2183306153
2184100902
2950994233
2951841806
2951944040
2981859930
3473162568
3629171779
3633366466
3951800783
4251521178
4309410298
4309636706
4312634071
4317425172
4317497880
457718082
461602133
470019825
4904458042
4912686098
4919012315
4922244491
509940000
512080165
5175916261
5176522476
5251533776
5251535082
533818818
544700743
5937150857
5937151975
5937710790
5998975793
5999518796
8492110865
8492178225
8493392970
8877216049
8877228503
9067738157
9067746215
9069973156
10428014596
10428180233
10686675996
10686864713
11429040214
11494188455
1806449883
1806463491
1807314902
2432861753
2433675744
2433677360
2828701829
2829539204
2976167
2976227
3259036071
3259067845
3259863278
3292144501
3292953130
3298434111
3299261746
3530756445
3530758573
3770779865
3770849041
3771541084
4458401195
4459180662
50729151
50742712
50742944
5350123101
5350133147
5350736476
5350737652
5715385311
5715410211
6045501062
6045512648
6494684361
6494713897
6624577709
6624627301
8556154591
8556154803
8556155103
8557264584
1463310259
2058811887
2155438737
2310970540
2676126953
2676130413
2681568311
298036269
298346556
3411837455
3580293337
3581102242
3764183351
3764980292
3769138653
3769926194
3825161603
3825966954
38385288
38392491
3863809775
3980162135
3980922146
399609906
4050389546
4050389806
4050389952
4184448882
4647546830
4680810380
4979123403
4979732232
5177841029
52052550
5213539481
5214135976
542108715
5500625391
5518780743
5688007309
5952562236
6105742094
64196584
7181455243
7315677238
7568468096
7568487930
7568507416
7959550662
7959565666
10482519424
10490159076
10490170984
11367731175
2312991971
2313044423
2526822293
2529912059
2530731872
2784176470
2830930075
2831732456
2831778296
285689135
2906571999
2906583495
2907426412
3035203913
3470959207
3471791988
3769934649
3770028511
3770802824
3843274923
3844066618
3935226068
3944717189
3944780599
3945498430
40220515
40220521
4225595785
4286177739
4286195785
4286931914
477042293
477047199
4805371907_1
4805997452_1
4806012538_1
5207619966
5336603721
5336691683
5336700087
5337200320
6915332351
8633728015
8717209869
8718320116
932902011
1080650308
11401010844
11401095044
1763638935
1763673039
1764528664
243220388
243222498
2800022765
2800870138
2800875336
296736020
299114458
3485949813
3486762700
3676729687
3676845881
3677644214
382180783
421994294
421994323
421994427
4678489785
4678737106
4815293126
4841285059
5737198833
5909974117
5910102005
5910651282
6754820905
6754851079
6754863197
7621476628
7621483744
7621490904
820540882
820625612
8266301691
8266340301
8267403622
84458462
84532459
9324357215
9324393411
9327125986
949386486
9545335019
9545641061
9548335934
11932887235
2276558761
2277350882
2277362222
2577256765
2972708359
2972886257
2973732902
3434622443
3434794279
3435262790
3862837233
3863671864
4573469157
4574103282
4848910083
4849533980
4889196603
4889815742
4889826160
5058433014
5061777521
5062387464
5062927967
5062939785
5632512890
5636692267
5637270246
59041138
59041358
5951112293
5951657494
5951687854
6829082886
6930783238
6943850480
6975223343
7091178095
7294661128
7294703912
7728435700
7783922020
8383349115
8384432220
8481036067
8482131910
8482556055
9690520038
9690530576
10195601364
10195800255
10195907123
135038695
135044805
135051639
135395894
135422503
1490271201
1491116284
2297447765
2298246736
2298257124
2337424539
2338258648
2682969195
2683793930
2891734897
2892440427
2892572570
3193674717
3193688729
3194520304
3198050740
3306554937
3307388490
3309899746
4287904985
4287911697
4288647764
4383183440
4424707439
4426896357
446153951
447185224
447248234
476507678
476520187
476522037
5300419005
6886314022
6886325032
7032411113
7754468296
7754472936
7948871370
7949014264
7949207892
7996647919
7996658306
7996702146
10957217386
11217243163
1427733463
1428614380
1861196106
2177843201
2178009779
2178791446
2548783943
2549558326
2982903439
2983759898
2983760000
3599904015
3600714776
3600715214
3600715880
4635286539
4635892272
4635897572
4650277985
4650828018
4702121243
4760826277
4760827501
487275790
487638965
487692023
5109583657
5110026998
534636361
6092892474
6955958934
7102027213
7979791238
8207582957
8208673480
8314754328
8372902693
8373983796
9035177083
9040624435
9045137136
9290473707
9293189132
9293191212
9293203524
9293207026
9293211842
9293215044
9293222286
9293227686
946157314
169892994
169893635
2166540244
2166655500
2201687285
2202467548
2202470452
2349262408
2350076995
2366447323
2367257762
3170784389
3179502664
3238935053
3238944669
3239783180
3353112066
3410044181
3410866204
3940591306
4062568401
4062571667
4063318914
4295953433
4296701698
4640150206
4683689501
4684082900
4707151545
4707179969
4707775924
4822523027
4823134114
4854728955
4854744915
5394091593
5394235281
5394734130
5865998709
5866529014
5866561430
8684204191
8688480101
9027365431
9029663810
1618211638
200239613
2492987710
2598278457
2599102242
2599123036
275686244
2921961809
2922770680
2948847131
2967980588
3161268787
3162092872
3759169099
3760187530
3761037494
3885665281
3886471948
3886526290
4016836935
4017014699
4276883779
4277633874
4277654784
4471494795
4472422530
4760025011
4760666686
4761096114
4804578309
4805195722
4882031282
4982534889
5199667171
5214455310
5300824199
5301419162
53086536
5311984129
5311984887
5992433646
7189294274
7195577516
8325470805
8326527544
8326529498
8933608283
8934218100
8934222904
9535935853
9538786930
10659731604
10660045233
2633421419
2634254018
2634315496
289638752
296032600
3098876333
3200054599
3200932110
3230063783
3238096212
3691779829
3692557936
3834628843
3834659141
3835450838
4633641116
4644065107
5229217501
5229799922
5327194153
5327200249
5327807172
5527865507
5528464336
5625154361
5625741248
5625773610
5634382418
5636821257
7193009490
7193203806
7193427054
7259479040
7259492194
8051576761
8051591272
8051601508
8190310040
821429619
821433745
822309520
8266539620
8363954689
8365018368
9254682733
9254692473
9257470460
1250315709
158850235
2131413503
2476294126
2732223867
2733062198
2745260940
2784052177
288817385
288842723
2961657847
3247826633
3568159209
3568962714
3570671126
3638251767
3639023392
3668233676
3710376347
3754586709
4075754675
4076508876
4078431597
5009408424
5012623182
5082878325
5082884383
5083485500
5398432423
5454165339
5547438701
5551028654
5551058100
5618076977
565901964
5828791279
5828791811
5828792027
5828792309
5828792819
5828793781
5828793889
5829340030
5829340236
5829340624
5829341000
5829341704
5829341838
5829342256
6880115327
185128133
2114676403
2115443566
2115444862
2535213665
2798598488
303002826
3294062015
3294095057
3294926336
339510410
3415768375
3416580046
3456990257
3456991217
3456991395
3456993895
3457809046
3457810994
3493370342
3780148818
4103350797
4104110954
453089046
453106913
453107663
4711345351
4711348349
4711356203
4960117501
4960710650
4960727764
5143875473
5144471796
5568738301
5568769795
5569397204
6970820432
7116896455
7116897329
8027042270
8027054454
8104349899
8104366206
8104370768
8581050753
8582151670
872138825
148880501
1685436554
1695594662
1695595226
222190662
2351628249
2355385499
2356405382
2696161100
2696652964
3029355311
3030569000
3412911223
3413128281
3413711928
4217289592
4219888157
4221266668
4263277693
4263282755
4264031314
4349064496
4386201980
480419052
480420496
5169437163
5170040376
5170044846
5229638919
5230231168
538263063
5631278977
5631863144
5635243374
5758370319
5758796664
5758872516
5758912270
5835284644
608318725
608559516
6279464277
6279979662
6492324927
6492339963
6492376689
7284034050
7284042448
733327580
10497546425
10497766153
10498197763
11732393785
11733012966
11820120073
12394503023
12394687285
12394929383
2219519157
2220310654
2299072420
2850161554
3805518422
3810062950
3899277837
3900059626
431812948
441446537
4721557946
4988756491
4989346500
5096313333
5096314487
5096911126
5214588478
539953748
540057601
5440915396
5498276900
5511266188
5669721997
5670288938
5670296752
6158683895
6159142818
6159319674
6247666257
6248193324
6991343152
7201337188
7201349046
7756471602
8002086484
8016523691
8047217441
8047221324
8284227035
8810438217
8821026606
2212300301
2215439862
2258171683
2440618667
2450216244
2477058053
2478873975
2479738524
2598705467
2599306614
2599308690
2599310734
2599535370
2849497539
2850329796
3118035379
3118870690
369447268
4257658331
4258415044
4498877138
4501142371
4501146209
4501149417
4501150865
4501760852
626427043
6739484983
6739489903
6739501411
6739503599
7189761950
7191707200
7708307028
7708308322
8155173557
8155184983
8155210366
8557881025
8558975538
8653272913
8653288843
8654409280
8768427721
8773280344
8978419236
9279816157
9282566668
9838858124
9838954383
11285208
11285738
11865424963
11865564934
11865978476
1428412035
1429286906
2419794
2729490129
2730426066
2778342839
2781496564
2825137090
2825137258
3019555725
3317345326
3629408961
3630191670
3687288073
3687299229
3688135078
3732875654
3732915768
3774565464
3777252619
3779286782
3779302036
3779860105
3944409745
3944433203
4012848937
4012849801
4013616626
4438252285
4439026950
5134015125
5134127925
5134714892
5819441759
5820001854
70503220
70503564
7545557102
7545558754
7545562976
7748951080
7748955224
7748963746
9364823227
9364829033
9364836621
9364856115
112244853
1811502245
1811502361
193789678
193794600
195133578
1954858057
1956115780
2232146012
2392036795
2392833234
2399262243
2779697228
2779740694
3309785881
3310625824
3392228585
3396194692
3400937564
3434567667
3435556260
4598224965
4598256659
4598846818
4745842759
4746428890
5096279109
5096875304
5554064683
5554065599
5554650108
5604423185
5612270238
5801467175
6262631762
6274415699
6279907527
6280420766
6280510878
680419277
681301346
6891541216
6891542100
8263917479
8263965931
8265042836
9617662087
9620896452
11750946615
11751130873
11751433254
1193619034
2313909335
2313913101
2523932903
2524762934
2613546193
2614369444
2615604743
2616426152
2772038328
2920018703
3170660905
3184871233
3184882031
3185723928
3312411015
3312442081
3313272320
3917718572
3917725408
4106628270
4106630092
5059957124
5236089799
5236658882
5236664668
5236672840
5269513024
5269513210
5269513328
5269513586
5497376933
6866650616
6866667448
6911038383
6916923093
7014634471
7473339568
7473432344
7473833772
8219345625
8220414854
9337128659
9339917084
9339931348
9857652416
9857729596
10423185434
10753851726
10754059703
10754568493
1850421881
1850833667
1851633042
2482779969
2483578418
2886513934
2976179201
2998911107
2999751672
3213272217
3397457265
3397529403
3398327000
3677694004
3985077169
3985761536
4056769011
4791687247
4791784389
4792323134
481407628
4846888849
4847507978
4847516024
5138269497
5138862812
6417790281
6479941871
6491459625
6491463383
6491470619
6700314595
6700317529
6801572390
6947680829
7441611662
7669686422
7669688356
7669780204
7669793312
7669795154
8991955645
8993146626
9186157305
9203115019
9363910295
1693646001
1712662249
307617851
308612827
309043880
3388814039
3388816935
3389625072
347449936
3567766835
3568580402
3568621734
4402907532
4423592469
4881459899
4881496733
4882105602
5652463155
5653019748
5898164801
5898178647
5898739182
5965409469
5966004664
6182579297
6183093216
6183154066
6393467823
6393471141
6669384621
6669389539
6669395371
7225648752
7225660840
7286541026
7297957460
7511109552
7572888788
7572906112
7782672838
7796614794
7796638100
7977649149
7993607792
902931195
903781822
9844193504
9844326286
9844486793
11497540
2355546106
2369443775
2382774574
2461004455
2461838666
2758295922
2974629162
2987908535
2988769396
3658465587
3667053844
3722582278
3833374243
3834175062
3884662103
3885467754
4738416450
486482979
486486771
4927444255
4928054552
5118492633
5128339170
5128353898
5129769964
5178267201
5711873736
5987189528
6158543528
6691761453
6691919207
6995023041
72861323
72960265
7639986630
7640028660
7698242
7846949504
8561275970
8838667969
8838747427
8839321734
946558196
9554791105
9555665573
9558072356
####
Cluster 5
3102381947
318616892
4201106385
5776754665
5777307730
5871984511
5872016747
5872537752
5872554998
5872572524
6853242318
7011359121
7228796052
7799190456
96838970
96842062
99211351
99211619
99211827
11232657803
12115424893
1900855676
24333421
2453298861
2524337964
2629816509
2629831173
2630632918
2630673146
2744360888
27483907
2781049523
3042705721
3173783158
328997207
330088907
3739344801
3740146414
3769392241
3770185618
3774484665
3775286010
3794909783
3795731986
4054063642
471882305
4733413255
4734095730
5454974895
5455583132
5455589672
5542846707
5543421034
5543481032
5975724871
5976290086
5989441049
6031023591
6031579662
6864742632
6896217282
7042303071
729287176
7536840750
7855909930
8228431368
8330800385
8331856100
8331888438
8617967439
8642247809
8658660241
9633827175
9633836943
9637070394
9723829589
10452124654
10452246926
10452429093
10633459373
10660461066
10660691633
11702694703
11702906164
11703433606
1426492965
1427375124
2411547713
2411682265
2412442476
2530906855
2531902786
2532659689
2620005857
2620013013
2620835490
2690021373
2690160919
2706097051
2706100063
2706918184
290346269
290352615
290356084
4027619725
4027646409
4028372658
4107880947
4107891155
4108653560
4685000051
4685006987
4685642932
4771813289
4771817899
4772454398
5290290829
5290319715
5962310647
5962382547
5962915384
5962943290
6828756695
7867357776
7931021112
7931053644
7931065948
8297090079
8297435663
9420637451
9423398520
9423422278
12496940295
12497216703
1427900367
1593577773
1593702245
218441561
218442851
2463752189
2463791517
2517655296
2685913455
2686717340
2735188949
2898338603
2904232819
3092717999
3093564182
3103008752
336291787
336301199
3770432440
3829738763
3830535182
4002501619
4004949705
4005389610
4528010081
4528643488
4531677203
4622498265
487253534
487287905
487291389
5245196553
5782584543
5783147384
5959963547
5960517010
6420090365
6460226643
7462076970
7468158268
7468187606
7770578464
7770583962
7770591610
7770594962
7770597426
7770632698
10260620564
10567356683
10795262023
10796281115
10796446424
12184632665
2486051251
2486787510
2697956755
2698106073
2877998643
2878832464
2892256701
2899501674
3753287978
3762699767
3866452021
4120530597
4873565340
5134725079
5134812499
5135399058
5135430060
5377710363
5378309608
6250108839
6254393263
6774160794
6912342059
6917829763
8044742687
8044746271
8044756406
8140793741
8247189513
8248251720
8415578439
8523163827
8524273806
8664737049
8664737311
8665837730
9003264913
9175471222
9263050577
9265835016
9285923900
9337830887
9567267417
9570081662
11516298045
11751716684
3274153589
3274973852
3274974928
4016650654
4026694764
4103995500
4133264792
416544721
416554672
4166168979
4166928084
4166940418
4168830976
4230547271
4230598873
4263379025
4263387515
4264134948
4456209756
4478634625
4498245538
4548003684
4805371907
4805997452
4806011196
5038156875
5038774842
5038777548
5052126248
5052137906
5110476567
5111026452
5258169647
5258182991
5258788846
5456075003
5456565168
6098967815
6908254000
6908261090
7054350639
8020643802
8020721629
8395122203
8396184702
8396209438
8991095498
9000924112
10719822535
10719890416
10720090073
10892194686
10892303784
2261567355
2262338654
2262897838
3145630170
3145646292
3298274891
3298325581
3299113906
3433128840
3443004797
347111502
347112227
347112906
3821455475
3822262796
4268083377
4268825250
4438563559
4438574653
4439344466
4440874655
4441652870
4441656468
501744912
501768683
5270756929
5270770709
5271377030
5502384777
5502977112
5542402953
5542980138
6931847832
6932994294
7077928479
7381729876
7381897318
8301475659
8301492165
8302539206
8513649591
8514757824
9506849530
103561230
103570249
103573701
108586683
1465972308
1523263873
1894854074
2142285729
2356261145
2357088640
2357095710
259719624
2829747841
2829754583
2830588252
31757769
31802322
3291755114
3725184123
394174579
416345717
416352209
4305845840
471119878
471139781
471159613
4734231842
4764573113
4764581227
4778522253
4899568237
51548449
5338891113
5339501822
5419267708
56886907
5927514557
6083989689
6151033327
6151581182
6163356947
6178578153
6179107852
6193265393
6226625324
6819698981
7756539448
8045917405
8045925340
8126225799
8739328843
10045579766
10045759763
12044924063
135114844
135115983
2064729793
2183308589
2184117824
2951008473
2951846628
2951950136
2981862012
3473255564
3629979914
3908173658
3952588018
4308661997
4309475372
4313369118
4316743975
4317467692
4476079117
461593568
462896945
470032783
4906971826
4918999221
4934528512
5042020745
509940004
512080179
5175918109
5176522936
5251533840
5251535492
542075748
544706421
5950671491
5950741397
5951279654
5998981575
5999532820
6798572025
8492197487
8877200925
8877217453
8877804938
9067738777
9069963392
9069976672
10428041154
10686637655
10686686044
10686868393
11429070336
11494195405
1806451331
1807288870
1807316072
2432862469
2433675946
2433679204
2829538232
2829539274
2976189
2976228
3259037865
3259869418
3292081585
3292905084
3298432953
3298434489
3299261820
3530782343
3531591574
3770801661
3771573376
4458397751
4459177390
50494601
50729239
50742725
5350121769
5350124151
5379788598
5715442729
5715461357
5715982488
6044953317
6045504436
6045517224
6494684929
6624553847
6624594987
6624630103
8557266302
9960455216
121465108
141676774
1469173249
2155423363
2156224882
2310975000
2676127513
2676130961
2710777669
298036660
3285844504
3412640408
3580294479
3581102998
3764183447
3769118443
3769149129
3769932632
3825197145
3825983374
38386804
38394496
3893218482
3980164081
3980924038
4049643997
4049644885
4050390886
4646920935
4646931035
4647546930
4680811086
5091310402
5182273900
52051662
52052591
5213540379
5214152568
5475279928
5500626763
5580052759
5688012049
596702046
6107977467
64197029
64849571
7366683922
7568471004
7568489686
7946872296
7959553302
8815055184
10482728394
10536056213
11367666426
11367738404
2313001011
2313044951
2527635810
2530700122
272681965
2830852009
2830940393
2831734788
285683956
285689351
2906577391
2907069437
2907428134
3036035670
3470961005
3471793832
3769944403
3770063713
3770815688
3843296395
3844070684
3935233154
3944717785
3945202422
3945512630
40220519
40222619
4225600815
4286182811
4286916166
4286935686
477044465
477345920
4805373157_1
4805998074_1
4806014250_1
5207630438
5336657907
5337331686
6779631882
6915332073
6915332873
8634837968
8717210207
8718331282
933771314
11400972336
11401032154
11401096703
1763641129
1764482158
242641135
243220569
243223285
2800026713
2800870418
2800875890
296738576
299115791
3485976381
3486775468
3676824993
3677554550
3677655026
382180874
421994302
421994369
4672308602
4678489799
4678737118
4815295122
5734110465
5737199547
5910077683
5910538288
5910655870
6754825559
6754855347
6754882129
7621478192
7621485256
7621492756
820551032
8266173547
8266304841
8267235708
84441115
84458500
84532518
9324361619
9327110356
948426121
949428072
9545488523
9548119788
9548413276
11933273473
2276565433
2277353078
2542064007
2578089040
2972710017
2972886817
3422896185
3434861765
3435674982
3862851419
3862885865
3863676858
4573469955
4574103766
4848917555
4849535064
4889200657
4889820560
4889829186
5061762285
5061778023
5062393122
5062928979
5063541722
5636630061
5637174752
5637293550
59041159
59041371
5951146197
5951661240
5951717016
6829085108
6930840176
6945497214
6975240107
7091526959
7294672286
7294720358
7728439696
7783924186
8383349441
8384432586
8481036527
8482134144
8483647830
9690523632
9690531662
10195615874
10195808914
10195933195
135039065
135045267
135051921
135403458
135426569
1490273857
1491119166
2297463887
2298250890
2298257598
2337424645
2338258706
2682970641
2683806696
2891736861
2892442683
2893265162
3193681281
3193689373
3197206887
3198054864
3306557491
3307389598
3311249485
4287905697
4288645128
4288648884
4401505185
4424710395
4426919197
446163794
447185314
447248378
476508788
476521457
476522149
5301002552
6886314728
7000905666
7754466100
7754470042
7754474014
7948888948
7949049474
7996639475
7996664877
7996688696
10263149134
11217134334
12283189364
1427736291
1428622784
1861199892
2177851937
2178021481
2178794132
2548794557
2549593192
2983758892
3160445133
3161360166
3599904413
4500267985
4500883066
4500912784
4635289199
4635892626
4635897960
4650289561
4650844346
4702122163
4760826641
4760829137
487334435
487643341
487693101
5109590703
5110028554
534636363
6955807024
7948664278
7978950805
7979813277
8207583119
8208673982
8314754994
8372909199
8373986714
9035190459
9040628097
9045172142
9290476889
945319185
9792727203
9792784116
9793508173
12281712244
176086917
176087321
176087779
176088331
2165736745
2166529822
2166542014
2197756325
2201690867
2213925341
2348426989
2349263684
2366421011
2366452247
2367293672
3178668469
3179505860
3239781062
3255539607
3256442764
3353114684
3410052743
3410872336
3952870058
4062568869
4062572643
4063319588
4296665684
4318799700
4683477697
4683693853
4684098372
4707151551
4707179979
4707839004
4822523565
4823138672
4854733283
4855336608
5394098311
5394651400
5394740646
5865999403
5866538178
5866561812
8686233240
8689601588
9027372941
9029666834
199555553
202685456
2492989766
2598283515
2599106838
2706401191
2789250531
2921968941
2922784790
2948863377
3161248705
3161252379
3162095060
3759257079
3760201030
3761151888
3885697421
3886492202
4011385028
4016840355
4017587530
4276885251
4277639374
4471379667
4472189916
4472434082
4760053519
4760673700
4761104584
4881421629
4881426535
4882031876
4983055224
5199668591
5282366360
5312575134
5495833815
5678449421
5991877113
5992431782
5992435138
7191340074
7195587892
8325471785
8326527826
8933603607
8933608673
8934218442
9524802541
9535948987
10659426465
10659840134
10660062233
2633428697
2634254778
289503624
289640683
296036813
3098878749
3200056257
3230062835
3230912700
3240111380
3691795385
3692589214
3834632603
3834663499
4633044841
4633642584
4644683392
5229235771
5229813036
5327195087
5327200789
5327807604
5527867525
5528465620
5625162585
5625749044
5625778544
5636302173
5636855594
7193072572
7193223824
7193434624
7259484982
7259493268
8051576810
8051591319
8051602822
8190310540
821429775
822304520
822313004
8266544288
8363955303
8365025528
9254685133
9254695337
9257474102
1250317555
158850431
158866615
2610057761
2732224763
2733066880
2745262194
2784053119
288817407
288842732
2961702363
3568120787
3568382785
3569202366
3638189331
3638264271
3639024980
3676039021
3710380793
3755384142
4075754797
4076509332
4078725092
5009412652
5012626500
5082879357
5083475972
5398391453
5398442151
5454241513
5550440633
5551030150
5551059284
5618079633
566295389
6224400416
6880111823
6880116951
6880122441
7333978098
7333983826
7344780914
8264801729
8523314469
8593746331
88493858
88494643
88494956
185127488
185127750
2114666021
2114677653
2115456364
2306455338
2536030014
301664031
3118586039
3294078901
3294097959
3294950812
339513365
3415804167
3416580960
3457810590
3469474601
3469486063
348579546
3492544847
3493362646
3779333933
3780152428
4104101152
4357819418
453089632
453106963
453107945
4711345411
4711355871
4767827587
4960118699
4960711316
5143859477
5143878417
5144478508
5568743023
5569326822
562314127
6970820504
7116896577
7116897881
8027043676
8027062614
8104350153
8104369604
8104370914
8581050831
8582151772
872143695
1670874363
1685437786
222138785
222163079
222207609
2351815411
2356141678
2357618602
2696165073
2696886400
3029355467
3030571284
3412912743
3413130103
3413929056
4217306090
4220570964
4262437830
4263278691
4264023358
4348311155
4349116310
4386207200
480419186
480420746
5169439747
5170041286
5170045744
5229639031
5230231312
543179799
5631279319
5631863348
5635243888
5758373707
5758923594
5834682115
5834738509
5835305952
608540186
608566846
6279465607
6279981036
6492327911
6492353629
6492379519
7284038302
7284053334
741255651
10497577256
10497788255
10498230185
11732748375
11733102976
11820122953
12394506145
12394691083
2181224465
2219520501
2220311248
2454740571
3516859062
3809239067
3810082026
3899277945
3900059744
440820923
4720899343
4721559334
4989332512
4989347570
5096313455
5096314743
5096961666
521677044
539957148
540082147
5497682231
5498277400
5592805263
5669723349
5670289852
5670297892
6158689283
6159240676
6247663849
6247666671
6248193828
7201319212
7201338836
7201351082
7756471780
8004818628
8016526044
8047217741
8047222928
8639532518
8810440157
8821027118
2212302177
2216540933
2258177045
2441447770
2456918469
2477060887
2478874181
2479739062
2598708251
2599517698
2849498069
2849498731
2902582615
2902685959
2903521994
3118036539
3118872018
369448297
4257659425
4258416242
4501138433
4501766904
5099634667
5100226496
5100277306
626405993
626429569
6739485967
6739491561
6739502517
7189681078
7189767826
7191769184
7708307258
7708308512
7708308862
8155188753
8155220516
8557890681
8558976032
8653279555
8653306711
8671077420
8768527097
8773283324
9099219295
9282545690
9282567320
9838887075
9838956473
11285271
11285844
11865430103
11865565484
1428401613
1428417521
1429287934
2419799
2729552805
2730437774
2778343217
2781496672
3297685197
3297729299
3298521154
3629356261
3629413075
3630193866
3687288705
3688093680
3732072735
3732888152
3732922440
3774810315
3778052138
3779289528
3779303606
3788328460
3944410843
3944435023
4012849041
4012849897
4013616730
4438252755
4439033482
5134037025
5134618198
5134720980
5819442989
5820002718
70503247
70503633
7545557650
7545559118
7545563186
7748951760
7748955696
7748966124
9367591428
112242497
112243572
112244446
1799241762
1812346226
1812348124
193790888
193794990
195152065
1954858119
1956115826
2391991895
2392820298
2392835042
2778861397
2779698826
3307350379
3309818987
3310629850
3393035860
3397107719
3400939280
3435151964
3435585816
4598244365
4598842622
4745763089
4746343456
4746434804
5096280907
5096878246
5554064741
5554065737
5554650356
5605009338
5617737535
5801467771
6274407641
6274417245
6279910199
6280469142
6280549492
680827502
681317936
6891541374
7037631309
8263920145
8263968081
8265049954
9617662393
9620896664
11751023475
11751246553
11751437724
2313904509
2313910111
2523908185
2523944107
2524765658
2614110022
2614372366
2771193635
2772036760
2772041130
3170655067
3171484234
3184874163
3185623536
3185725074
3312415455
3313056116
3313230114
4106628128
4106629912
5056736599
5057320116
5236075993
5268904045
5269511806
5285625445
5286223212
5497372167
5497962124
5497986160
6077516071
6078152574
6868529050
6910923603
6911118857
6916937341
7014650069
7473343860
7473793280
7473839724
8219346403
8220419576
9337129011
9339919890
9339935222
9857658116
9857738994
10423191424
10753856126
10754066633
138908177
1850437547
1850838881
1880070931
2482786763
2483590658
2908373128
2976179619
2998912353
3019561247
3213610937
3397462655
3397551299
3398330080
3951504485
3985087547
3985823224
4057508220
4791703957
4791792711
481403224
481412759
4846889025
4847508088
4847516728
5138271265
5138864974
6417793045
6479967277
6491460601
6491463861
6491472913
6700331305
6705167201
6801572484
6947681083
7657020532
7669743422
7774768304
8754295435
8755383884
8755441444
8991961713
8993152272
9203105571
9205890218
1642761792
1698067249
1717395294
307617886
308612839
3172446287
3388815995
3388817009
3389627808
347451895
3567790093
3568588428
3568637792
4402929890
4423593135
4881460063
4881498167
4882108290
5652464583
5653021618
5898168125
5898183199
5898741904
5965483139
5966004670
6182584791
6183102058
6183169258
6393468353
6393471307
6669385265
6669391935
6669396721
7225650442
7225663952
7286671490
7304463394
7532909136
7572890686
7572910236
7782676008
7796618058
7796643528
7980828412
8752005833
902931209
903781838
9844211954
9844371685
9844520683
11497543
2361854469
2369443929
2460989151
2461004853
2461839250
2758296162
2974633342
2987909153
2988769926
3659262246
3667476935
3826727035
3833620441
3834415962
3884665115
3885632236
4738421388
486483191
486486823
4927446001
4928098875
5118493907
5128340310
5128355692
5129781006
5178864052
5986622005
5987191032
6691758161
6691761803
6691920767
72855295
72862115
72970829
7639992150
7640036968
7698246
7846965770
8561278416
8838678591
8839266480
8839336296
946578990
9554979731
9556030917
9558142764
####
Cluster 6
1832539790
1832542742
2516163434
2872337795
3100190697
3101027112
3102382209
3102382427
3102384681
3106388273
3106389173
3106390173
3107221768
318612671
318613478
3937929027
99211370
99211656
99211868
11437345055
167196217
2050957256
24333450
2453301127
2486927047
2629822093
2629851239
2630639272
2630640404
27483765
27483924
2924458921
3043544536
3173783162
330056915
330089170
3739365059
3740150104
3769396501
3770205488
3770217950
3793501173
3795729358
3795732278
4310790763
4581439243
4581440783
4734115476
5454976139
5455585368
5455596748
5542853195
5543423000
5543485176
5975725783
5984534228
5989441205
6031023979
6031580490
6896145452
7008052793
7042306417
7305206072
7814649204
7999088401
8228431672
8330802589
8331856290
8331889628
8619071672
8643344470
8690059626
8708327018
9633843707
9637074880
10452092804
10452143954
10452269596
10452444083
10656743583
10660483606
10661400056
11702707043
11702937624
11703565136
1426502085
1427321614
2411552913
2411757963
2412473818
2530908841
2532526207
2533334430
2620006557
2620013573
2620832738
2690031153
2690208605
2706098567
2706917288
2706918334
290347029
290352789
290356784
4027625475
4027647005
4028376822
4107881817
4107894189
4108654984
4685000423
4685007819
4685008485
4771813577
4772076337
4772449560
5290297283
5290322539
5962311985
5962384311
5962924078
6828719093
6828766357
7867390202
7931025204
7931056058
7931068000
8297104113
8298394302
9420640985
9423406178
11345647513
12497053754
12497234034
1427900533
1593625299
1594456014
218441624
218443475
2463754369
2463793937
2464582312
2686709276
2686723074
2736291534
2898340443
2905077484
3092724249
3093566474
3113303153
336293060
336293496
3829736243
3830532848
3830535342
4004310229
4004951697
4005717530
4528010413
4528643586
4531681633
4622498601
487258854
487288433
487291995
5361686565
5782587421
5783150300
5959969353
5960536480
6420941253
6460230437
7462124956
7468162164
7468192418
7770580134
7770591064
9015160185
9846927264
9847011926
9847050854
10452846246
10587186216
10796085566
10796287025
11232384465
12358019743
2486785846
2486812496
2486816798
2698116869
2878583399
2879418392
2892262453
3268957790
3753299310
3762707315
3867235566
4121303790
4194763014
4249908221
5134817803
5135418582
5377709513
5377710683
5378309948
6254345717
6254874888
6775122856
6912342291
6920275879
8044743915
8044746707
8044757074
8140825048
8247193673
8248255352
8416673870
8523165211
8524286150
8664737051
8664737393
8665837752
9003265551
9250902835
9263060779
9265839208
9285925416
9337831103
9567286211
9570085070
11516315035
11751728964
3274154055
3274973958
3274975038
4016740594
4026696776
4103999082
4133265684
416544763
416554906
4166172947
4166930352
4166941366
4168833746
4230563925
4230610163
4263380285
4263988782
4264139886
4460285544
4479257570
4536884757
4554231549
4805373157
4805998074
4806012538
5038157503
5038775178
5038779088
5052128624
5052147982
5110539285
5111037314
5258170019
5258779264
5455973077
5456110051
5456601624
6099515968
6908254370
6908261478
7054351639
8020669765
8020727307
8395123619
8396186516
8396212236
8991128682
9000932620
10719825096
10719926344
10720112543
10892194976
10892462413
2261571481
2262342176
3144805879
3145632876
3145653644
3298285443
3299088304
3299114366
3433129064
3443806016
347111698
347112290
347112984
3821456895
3822497356
4268083769
4268827186
4438566193
4439339206
4439344778
4440878827
4441652936
4441656560
501746749
501778315
5270758023
5270773357
5271383902
5502387039
5502977988
5542405595
5542980470
6931849032
6932994858
7079026569
7381749666
7381916912
8301476551
8301494205
8302540384
8513651959
8514759660
9506852738
103568430
103571386
103574232
1306844642
1306848216
1523271735
19323760
2356257081
2356262181
2357090456
2497966897
260611919
2829748335
2830583346
2830589086
31758569
31829745
3516536035
3799085111
415958652
416345720
416352213
4386645618
471121004
471140386
471159765
4760356683
4764573589
4764582109
4796921059
4912712983
5250031697
5338891415
5339502360
54427339
5773015036
5928065296
6084535020
6151087183
6151593886
6178565409
6178581247
6179114396
6193266919
6226636338
6226637594
6226638274
8045920865
8045925810
8156420212
9186318896
10045606263
10045795353
12044979074
135114980
135116101
2065524674
2183311503
2811278670
2951061755
2951859592
2951965474
3114732891
3474151758
3632560595
3951789739
3952607184
4308678217
4309531528
4313371366
4316746457
4317472438
4476079181
461597998
465191337
4761830880
4909428001
4919012305
5041767379
5042415222
509940010
5175913491
5176517974
5250931111
5251533966
5251535776
544579844
5655937322
5950680091
5951203404
5951285958
5998982367
5999647578
8492150179
8492309101
8877203469
8877218909
8877807358
9067739127
9069964412
10041229826
10428093793
10686650375
10686690554
10686877993
11429170003
11494476485
1806453489
1807291566
1807319362
2432862785
2433676300
2433680752
2829538310
2976144
2976199
2976229
3259067025
3259898966
3292090591
3292945476
3298433135
3299257052
3530529589
3531574692
3531736142
3770817415
3771662660
4458401155
4459177806
50494635
50729250
50742869
5350122301
5350124993
5452759540
5715451325
5715948986
5715994160
6044961427
6045505368
6045523048
6494688491
6624557893
6624614089
6624633633
8557266548
1043162809
121717601
141676823
1535297933
2155426433
2252520847
2311441991
2676127989
2676945414
2836674932
298037362
3293930572
3412641574
3580295641
3581134014
3764980144
3769128287
3769911112
3769935968
3825200937
3825993336
38387743
38396135
3975540357
3980165849
3980925432
4049644769
4050389654
4050391020
4646923867
4647533390
4647554316
4737915233
5153729673
52051413
52051877
52052657
5213542757
5214154140
5500617031
5500628375
5501209432
5688579490
6010896677
6300251471
64198400
7181455723
7423391816
7568474482
7568491844
7959540724
7959555350
893230157
10482935065
10536057123
11367687715
11367749426
2313005255
2313793778
2529883965
2530717492
2783318887
2830862791
2830957447
2831758218
285685885
285689616
2906578189
2907416708
2907432046
3036040244
3470967057
3543080943
3769947373
3770706544
3770824426
3843301371
3844074154
3944417741
3944721537
3945206018
40217552
40220520
40222620
4225603749
4286189159
4286923028
4286936488
477044873
477357740
4805375885
4806006054
5207029843
5336468641
5336667665
5340248760
6779632264
6915332205
6925748265
8634838736
8717210517
8718331592
1079760961
11400976535
11401054334
11401098864
1763642759
1764485396
243216999
243220980
243223344
2800026939
2800870692
296734012
296738580
299115796
3485985187
3486785310
3676830461
3677556170
3677655946
417793033
421994311
421994384
4675290746
4678489805
4678812482
4815297254
5734111885
5737200773
5910079335
5910544912
5910658174
6754834695
6754859387
7621473930
7621481014
7621486156
819681179
820567200
8266176663
8266314667
8267361298
84441153
84458531
84532530
9324366369
9327118380
948517193
949499384
9545496881
9548126836
11848435566
11933453424
2277345318
2277354398
2542064665
2970861385
2972869611
2972887303
3422943551
3434911449
3862834515
3862854863
3863621498
4573468447
4574103166
4574103872
4848922425
4849536680
4889207749
4889820746
4889904338
5061762551
5061779633
5062397858
5062929955
5063542374
5636647233
5637182266
5637317620
59041174
59041393
5951168411
5951665592
5951719600
6829090674
6930908102
6971253085
7076937419
7093077551
7294693332
7294736894
7755466318
7783926064
8383350775
8384433912
8481041915
8482135312
8483649192
9690524424
9690535726
10195707104
10195811276
10195966583
135039604
135048785
135052383
135403471
135426732
1490276087
1491134412
2298243482
2298251460
2337424153
2337424745
2338258922
2682972097
2683812028
2892360546
2892449849
2893270900
3193682233
3194517830
3197208399
3207098091
3306558303
3307390686
3313758930
4287906447
4288645610
4288649304
4402266760
4425466928
4427653046
446170751
447191477
447253591
476510760
476521563
476877830
5301004802
6886315482
7032409059
7754466396
7754470490
7754474506
7948900922
7949084638
7996643779
7996665913
7996693101
10530998866
11217146714
12473400545
1427823233
1428699474
2056098764
2177984271
2178639350
2372101423
2548799221
2549597842
2983759370
3160486773
3161412996
3600714270
4500270931
4500886454
4500925666
4635291903
4635894400
4636373298
4650294043
4650852656
4702122807
4760827205
4760829367
487509630
487649798
5109414335
5110017396
5110162700
5408453349
6955954692
7969115056
7979783298
7982316941
8207583449
8208674316
8372890201
8372916849
8373991722
9037390000
9040630137
9159992325
9293179792
946152386
9792757385
9792785886
9809868413
12281761964
176086987
176087446
176087870
176088507
2165740695
2166530664
2166638306
2198535282
2202466998
2213953177
2349256820
2349265024
2366425799
2366464007
3170777731
3178669733
3179508884
3239781990
3255618721
3352292923
3353122928
3410058939
3939810977
3952873534
4062569249
4062572949
4063319920
4296690952
4636247391
4683478763
4684071566
4684103230
4707151559
4707179983
4822517891
4822524241
4823139220
4854740737
4855337804
5394107561
5394682068
5394787364
5866518700
5866544574
8684202263
8688472757
8689639898
9027397731
9029676120
199555622
2410209145
2598262689
2598287827
2599110112
2707217746
2790093210
2921995787
2922795314
2949717004
3161250951
3161256443
3161260655
3759303603
3760286806
3760335435
3885721603
3886519232
4012214606
4016937777
4017698526
4276887523
4277641766
4471397099
4472279006
4472532454
4760065957
4760680542
4804572913
4881422019
4881426911
4882035660
4983139760
5199669679
5287120473
5319095358
5573048197
5715363318
5991877349
5992432092
6119267298
7191368356
7195592888
7195597596
8326528174
8933604059
8933608827
8934222522
9527521558
9535975141
10659456165
10659924666
10660075083
2633432523
2634267214
289509603
289642843
296040325
3099692474
3200072527
3230062853
3230912884
3240111388
3691805243
3692592608
3834636971
3834666595
4633045671
4637020867
5229197365
5229240089
5229818206
5327195847
5327804248
5527847393
5527872343
5528472292
5625167345
5625754642
5633677437
5636314461
5636868648
7193104056
7193299138
7259465822
7259485350
7259497062
8051583006
8051597472
8189227549
8190315990
821431257
822305240
8265457585
8363943841
8363957247
8365026356
9254685959
9254696263
1148678179
1251192664
158866424
2132188900
2612186959
2732237239
2733069084
2763075841
2806871738
288817416
2961652711
2962495956
2962497360
3568387187
3569205874
3638198319
3638273175
3639071774
3676764306
3710382699
3767041448
4075755249
4076509470
4078726116
5011625981
5012629886
5082881231
5083477916
5398393015
5399033834
5454244535
5550442083
5551031994
5615968016
5618082961
566300201
6224403728
6880113303
6880119125
6880123541
7333979730
7333984500
7352696164
8271221531
8523324553
8593746731
88494209
88494678
88495086
185127557
185127832
185127889
2114679055
2115456508
2344153281
2775772349
301669987
3197885473
3294079777
3294122373
3295824960
3415726561
3416494592
3456989705
3456991825
3456992275
3470294356
348579551
3492547439
3493364756
3779340635
3780159542
4104103096
4450560163
453089812
453107005
4694931060
4711345533
4711355963
4769599645
4960123163
4960712700
5143863609
5143870187
5144479708
5568753869
5569328158
5569346152
6970820552
7116897287
8027012353
8027044882
8027047673
8104353803
8104369896
856091671
8581050913
8582152100
872980326
1672513173
1685439082
222144998
222166701
222210641
2351838951
2356247780
2695578775
2696206811
2696970268
3029355971
3142947244
3412915661
3413132721
3413998658
4217337792
4220613318
4262615328
4263279545
4264025324
4348313413
4349122720
480417596
480419820
480430109
5169442285
5170041546
5229497385
5229639139
5230231632
543179827
5631279621
5634045433
5758168889
5758375405
5758925432
5834698207
5834749503
608304277
608542690
6279452697
6279465865
6279982412
6492329481
6492354893
719874647
7284040528
7284055674
741255719
10497699144
10497803483
10498353623
11732863965
11733134436
11820125643
12394604704
12394755404
2181224473
2219521021
2220312166
2454740575
3804449389
3809245299
3810086228
3899278109
3900060466
441445128
4720906067
4721559848
4989336690
4989357362
5096313609
5096315913
5213996871
521704275
539961584
5440309453
5497684833
5498278912
5593396850
5669726671
5670291784
6158583485
6158694333
6159297676
6247664455
6247672919
6263799451
7201320344
7201321608
7201353582
7756472070
8004818726
8047179310
8047219317
8047223406
8810436449
8810440549
8821027502
2212304635
2216544555
2258183835
2441448298
2456918629
2477062839
2478925841
2479739604
2598709673
2599531978
2849498245
2850329510
2902584245
2903432858
2903524322
3118039171
3118873464
369448727
4257660145
4258416596
4501140729
4501768222
5099651367
5100230736
5159842047
626407669
627269522
627277774
627281860
627282812
7189701544
7191682578
7692504868
7708307496
7708308682
8155174797
8155196702
8155222822
8557857521
8558978104
8653286717
8654373732
8671091746
8768539223
8773325088
9279760637
9282550652
9282579316
9838891576
9838958763
11285322
11285923
11865430733
11865972686
1428403377
1429277500
1429288190
2419803
2729652741
2730470544
2778909422
2824302459
3297701675
3297734497
3298533854
3629357957
3629414913
3630226176
3687292105
3688095294
3732075215
3732902264
3732923754
3775511193
3778482949
3779292138
3779304642
3827225565
3944414851
3944435885
4012849131
4012849965
4013618206
4438253273
4439034280
5134039337
5134623144
5134734728
5819443289
5820004252
70503283
70503668
7545558012
7545559392
7545563574
7748952300
7748960548
7748966996
9367698604
112242501
112243575
112244447
1799274620
1812346442
1812348642
193791308
193797926
1954857953
1955158215
1956115854
2392001617
2392821786
2392835410
2778867583
2779701876
3307567251
3309860357
3317132243
3393037264
3400132921
3434353579
3435154794
3435588820
4598246565
4598845104
4745768037
4746349218
4746470290
5096285041
5096878634
5554064813
5554066051
5554650428
5611681967
5617739573
6262100823
6274408823
6274420141
6279953711
6280492506
680202635
681114448
681321254
6891541568
7037631873
8263922931
8263975989
8265051998
9617662661
9620897724
11751039725
11751268593
11751467524
2313905107
2313912667
2523918981
2523949851
2524735294
2614112752
2614375716
2614387646
2771193867
2814999674
3170657309
3171487000
3171488340
3185714822
3185725590
3312420079
3313224208
3755043132
4105861783
4106628746
4106628892
5059340137
5236087833
5268904225
5269512796
5285625683
5286223914
5497373953
5497964096
6077356765
6077850234
6318555208
6868439308
6910930333
6911130395
6916944785
7014702437
7473349148
7473797700
7822341174
8219347763
8220420502
9337139389
9339922364
9339938192
9857662016
9857741145
9857780413
10753860484
10754272665
138908525
1850556281
1851342008
2482756687
2482788211
2483597646
2914167342
2977031608
2998912711
3038902071
3213771883
3397465641
3398261716
3398354030
3951520407
3985091689
3985829810
4057508622
4791704809
4791843529
481403396
481414417
4846890949
4847508172
5138240457
5138853562
5138869458
6479931561
6479933111
6491461031
6491465199
6700311309
6700332213
6705226949
6947680077
7423550510
7669667584
7669778380
8525061998
8754304907
8755387494
8755451638
8991972315
8993156578
9203107857
9205890648
1642763740
1698917908
1720254795
307617931
308612973
3172459435
3388816457
3388817135
3389628258
347453072
3567803219
3568604796
3568646278
4405329102
4424351668
4881460225
4881498543
4882108722
5652465827
5653022524
5898170771
5898725970
5898744892
5965483149
5966004674
6182593345
6183109810
6183176212
6393469081
6393471475
6669386079
6669392599
6669397377
7225651760
7225670084
7292997246
7312396094
7572875576
7572893464
7572911352
7782712882
7796621514
7969541618
7981954679
8756072382
902931237
903790604
9844222264
9844384015
9844532643
12542194
2362685888
2373407571
2460991973
2461005599
2461840172
2758297648
2974641394
2987909677
3649940147
3663137760
3668283098
3827584050
3833981290
3834419104
3884844845
3885640148
486453704
486485057
486487119
4927451803
4928692780
5118494471
5128345548
5128357596
5129784432
5179909999
5986622045
5987191848
6691758473
6691770763
6691921147
72856276
72863296
72973491
7639998126
7640044152
7698254
7846972040
8561288412
8838701083
8839277774
8839339706
946619662
9555237605
9557333658
9558757600
####
